1  &  0  -2.8048206787  1  -2.2504200023  0  -2.7126497016  0  -2.7024305364
2  '  1  -2.3276994240  0  -2.7275412570  0  -2.7126497016  0  -2.7024305364
3  'kenyan  1  -2.3276994240  0  -2.7275412570  0  -2.7126497016  0  -2.7024305364
4  're  1  -2.3276994240  0  -2.7275412570  0  -2.7126497016  0  -2.7024305364
5  (  9  -1.5260670778  0  -2.7275412570  0  -2.7126497016  0  -2.7024305364
6  )  9  -1.5260670778  0  -2.7275412570  0  -2.7126497016  0  -2.7024305364
7  1996  1  -2.3276994240  0  -2.7275412570  0  -2.7126497016  0  -2.7024305364
8  2  1  -2.3276994240  0  -2.7275412570  0  -2.7126497016  0  -2.7024305364
9  2002  1  -2.3276994240  0  -2.7275412570  0  -2.7126497016  0  -2.7024305364
10  2010  1  -2.3276994240  0  -2.7275412570  0  -2.7126497016  0  -2.7024305364
11  2011  1  -2.3276994240  0  -2.7275412570  0  -2.7126497016  0  -2.7024305364
12  2013  2  -2.1058506744  0  -2.7275412570  0  -2.7126497016  0  -2.7024305364
13  2014  1  -2.3276994240  0  -2.7275412570  0  -2.7126497016  0  -2.7024305364
14  2016  1  -2.3276994240  0  -2.7275412570  0  -2.7126497016  0  -2.7024305364
15  2017  3  -1.9597226387  2  -2.0285712527  0  -2.7126497016  0  -2.7024305364
16  2018  0  -2.8048206787  3  -1.8824432170  0  -2.7126497016  0  -2.7024305364
17  25th  0  -2.8048206787  0  -2.7275412570  0  -2.7126497016  0  -2.7024305364
18  2min  1  -2.3276994240  0  -2.7275412570  0  -2.7126497016  0  -2.7024305364
19  3  1  -2.3276994240  0  -2.7275412570  0  -2.7126497016  0  -2.7024305364
20  34  1  -2.3276994240  0  -2.7275412570  0  -2.7126497016  0  -2.7024305364
21  37000  1  -2.3276994240  0  -2.7275412570  0  -2.7126497016  0  -2.7024305364
22  3d  0  -2.8048206787  1  -2.2504200023  0  -2.7126497016  0  -2.7024305364
23  3x3  1  -2.3276994240  0  -2.7275412570  0  -2.7126497016  0  -2.7024305364
24  4.15  1  -2.3276994240  0  -2.7275412570  0  -2.7126497016  0  -2.7024305364
25  50m  1  -2.3276994240  0  -2.7275412570  0  -2.7126497016  0  -2.7024305364
26  7  1  -2.3276994240  0  -2.7275412570  0  -2.7126497016  0  -2.7024305364
27  ?  6  -1.6908773264  14  -1.2651432591  0  -2.7126497016  0  -2.7024305364
28  [  3  -1.9597226387  0  -2.7275412570  0  -2.7126497016  0  -2.7024305364
29  ]  3  -1.9597226387  0  -2.7275412570  0  -2.7126497016  0  -2.7024305364
30  a  12  -1.4068806700  3  -1.8824432170  0  -2.7126497016  0  -2.7024305364
31  about  1  -2.3276994240  0  -2.7275412570  0  -2.7126497016  0  -2.7024305364
32  acme  0  -2.8048206787  0  -2.7275412570  1  -2.2355284469  0  -2.7024305364
33  after  0  -2.8048206787  0  -2.7275412570  0  -2.7126497016  0  -2.7024305364
34  air  2  -2.1058506744  0  -2.7275412570  0  -2.7126497016  0  -2.7024305364
35  airborne  1  -2.3276994240  0  -2.7275412570  0  -2.7126497016  0  -2.7024305364
36  airport  1  -2.3276994240  0  -2.7275412570  0  -2.7126497016  0  -2.7024305364
37  altco  0  -2.8048206787  0  -2.7275412570  1  -2.2355284469  0  -2.7024305364
38  amazon  1  -2.3276994240  0  -2.7275412570  0  -2.7126497016  0  -2.7024305364
39  an  0  -2.8048206787  1  -2.2504200023  0  -2.7126497016  0  -2.7024305364
40  and  5  -1.7634279936  1  -2.2504200023  1  -2.2355284469  0  -2.7024305364
41  andromeda  1  -2.3276994240  0  -2.7275412570  0  -2.7126497016  0  -2.7024305364
42  any  0  -2.8048206787  3  -1.8824432170  0  -2.7126497016  0  -2.7024305364
43  apple  1  -2.3276994240  0  -2.7275412570  0  -2.7126497016  0  -2.7024305364
44  application  2  -2.1058506744  0  -2.7275412570  0  -2.7126497016  0  -2.7024305364
45  apply  0  -2.8048206787  0  -2.7275412570  0  -2.7126497016  0  -2.7024305364
46  apps  1  -2.3276994240  1  -2.2504200023  0  -2.7126497016  0  -2.7024305364
47  arrive  1  -2.3276994240  0  -2.7275412570  0  -2.7126497016  0  -2.7024305364
48  arsenal  1  -2.3276994240  0  -2.7275412570  0  -2.7126497016  0  -2.7024305364
49  as  2  -2.1058506744  1  -2.2504200023  0  -2.7126497016  0  -2.7024305364
50  ash  1  -2.3276994240  0  -2.7275412570  0  -2.7126497016  0  -2.7024305364
51  ask  0  -2.8048206787  15  -1.2361795632  0  -2.7126497016  0  -2.7024305364
52  at  1  -2.3276994240  1  -2.2504200023  0  -2.7126497016  0  -2.7024305364
53  attack  1  -2.3276994240  0  -2.7275412570  0  -2.7126497016  0  -2.7024305364
54  attend/organize  0  -2.8048206787  0  -2.7275412570  0  -2.7126497016  0  -2.7024305364
55  attention  0  -2.8048206787  0  -2.7275412570  0  -2.7126497016  0  -2.7024305364
56  authorize  1  -2.3276994240  0  -2.7275412570  0  -2.7126497016  0  -2.7024305364
57  bake  1  -2.3276994240  0  -2.7275412570  0  -2.7126497016  0  -2.7024305364
58  basic  1  -2.3276994240  0  -2.7275412570  0  -2.7126497016  0  -2.7024305364
59  batteries  0  -2.8048206787  0  -2.7275412570  0  -2.7126497016  0  -2.7024305364
60  bcn  0  -2.8048206787  0  -2.7275412570  1  -2.2355284469  0  -2.7024305364
61  be  5  -1.7634279936  4  -1.7732987476  0  -2.7126497016  0  -2.7024305364
62  beat  1  -2.3276994240  0  -2.7275412570  0  -2.7126497016  0  -2.7024305364
63  before  0  -2.8048206787  1  -2.2504200023  0  -2.7126497016  0  -2.7024305364
64  begin  1  -2.3276994240  0  -2.7275412570  0  -2.7126497016  0  -2.7024305364
65  beijing  1  -2.3276994240  0  -2.7275412570  0  -2.7126497016  0  -2.7024305364
66  believe  0  -2.8048206787  0  -2.7275412570  0  -2.7126497016  0  -2.7024305364
67  berlin  0  -2.8048206787  0  -2.7275412570  0  -2.7126497016  0  -2.7024305364
68  best  1  -2.3276994240  0  -2.7275412570  0  -2.7126497016  0  -2.7024305364
69  bitcoin–the  1  -2.3276994240  0  -2.7275412570  0  -2.7126497016  0  -2.7024305364
70  block  1  -2.3276994240  0  -2.7275412570  0  -2.7126497016  0  -2.7024305364
71  blockchain  1  -2.3276994240  0  -2.7275412570  0  -2.7126497016  0  -2.7024305364
72  blog  1  -2.3276994240  0  -2.7275412570  1  -2.2355284469  0  -2.7024305364
73  blood  1  -2.3276994240  0  -2.7275412570  0  -2.7126497016  0  -2.7024305364
74  board  1  -2.3276994240  0  -2.7275412570  0  -2.7126497016  0  -2.7024305364
75  body  1  -2.3276994240  0  -2.7275412570  0  -2.7126497016  0  -2.7024305364
76  book  1  -2.3276994240  1  -2.2504200023  0  -2.7126497016  0  -2.7024305364
77  boom  1  -2.3276994240  0  -2.7275412570  0  -2.7126497016  0  -2.7024305364
78  bootcamp  0  -2.8048206787  0  -2.7275412570  0  -2.7126497016  0  -2.7024305364
79  brain  1  -2.3276994240  0  -2.7275412570  0  -2.7126497016  0  -2.7024305364
80  brand/business  0  -2.8048206787  1  -2.2504200023  0  -2.7126497016  0  -2.7024305364
81  break  1  -2.3276994240  0  -2.7275412570  0  -2.7126497016  0  -2.7024305364
82  breakthroughs  1  -2.3276994240  0  -2.7275412570  0  -2.7126497016  0  -2.7024305364
83  browser  1  -2.3276994240  0  -2.7275412570  0  -2.7126497016  0  -2.7024305364
84  browsers  0  -2.8048206787  0  -2.7275412570  1  -2.2355284469  0  -2.7024305364
85  bsp  1  -2.3276994240  0  -2.7275412570  0  -2.7126497016  0  -2.7024305364
86  by  1  -2.3276994240  0  -2.7275412570  0  -2.7126497016  0  -2.7024305364
87  c  0  -2.8048206787  0  -2.7275412570  0  -2.7126497016  0  -2.7024305364
88  cad  0  -2.8048206787  1  -2.2504200023  0  -2.7126497016  0  -2.7024305364
89  call  1  -2.3276994240  0  -2.7275412570  0  -2.7126497016  0  -2.7024305364
90  can  2  -2.1058506744  0  -2.7275412570  0  -2.7126497016  0  -2.7024305364
91  cap  1  -2.3276994240  0  -2.7275412570  0  -2.7126497016  0  -2.7024305364
92  capture  1  -2.3276994240  0  -2.7275412570  0  -2.7126497016  0  -2.7024305364
93  car  1  -2.3276994240  0  -2.7275412570  0  -2.7126497016  0  -2.7024305364
94  card  0  -2.8048206787  0  -2.7275412570  1  -2.2355284469  0  -2.7024305364
95  case  1  -2.3276994240  0  -2.7275412570  0  -2.7126497016  0  -2.7024305364
96  celebrate  1  -2.3276994240  0  -2.7275412570  0  -2.7126497016  0  -2.7024305364
97  chain  1  -2.3276994240  0  -2.7275412570  0  -2.7126497016  0  -2.7024305364
98  change  0  -2.8048206787  0  -2.7275412570  0  -2.7126497016  0  -2.7024305364
99  chatroom  1  -2.3276994240  0  -2.7275412570  0  -2.7126497016  0  -2.7024305364
100  china  2  -2.1058506744  0  -2.7275412570  0  -2.7126497016  0  -2.7024305364
101  chrome  0  -2.8048206787  0  -2.7275412570  1  -2.2355284469  0  -2.7024305364
102  cities  1  -2.3276994240  0  -2.7275412570  0  -2.7126497016  0  -2.7024305364
103  cixl  1  -2.3276994240  0  -2.7275412570  0  -2.7126497016  0  -2.7024305364
104  class  1  -2.3276994240  0  -2.7275412570  0  -2.7126497016  0  -2.7024305364
105  clipper  0  -2.8048206787  0  -2.7275412570  1  -2.2355284469  0  -2.7024305364
106  clue  1  -2.3276994240  0  -2.7275412570  0  -2.7126497016  0  -2.7024305364
107  clutch  1  -2.3276994240  0  -2.7275412570  0  -2.7126497016  0  -2.7024305364
108  cod  0  -2.8048206787  0  -2.7275412570  0  -2.7126497016  0  -2.7024305364
109  coin  1  -2.3276994240  0  -2.7275412570  0  -2.7126497016  0  -2.7024305364
110  coinbase  1  -2.3276994240  0  -2.7275412570  0  -2.7126497016  0  -2.7024305364
111  collages  0  -2.8048206787  0  -2.7275412570  0  -2.7126497016  0  -2.7024305364
112  collection  0  -2.8048206787  0  -2.7275412570  0  -2.7126497016  0  -2.7024305364
113  come  1  -2.3276994240  0  -2.7275412570  0  -2.7126497016  0  -2.7024305364
114  comeback  1  -2.3276994240  0  -2.7275412570  0  -2.7126497016  0  -2.7024305364
115  communities  1  -2.3276994240  0  -2.7275412570  0  -2.7126497016  0  -2.7024305364
116  community  1  -2.3276994240  0  -2.7275412570  0  -2.7126497016  0  -2.7024305364
117  complete  1  -2.3276994240  0  -2.7275412570  0  -2.7126497016  0  -2.7024305364
118  complexity  1  -2.3276994240  0  -2.7275412570  0  -2.7126497016  0  -2.7024305364
119  compromise  1  -2.3276994240  0  -2.7275412570  0  -2.7126497016  0  -2.7024305364
120  compute  1  -2.3276994240  0  -2.7275412570  0  -2.7126497016  0  -2.7024305364
121  computer  1  -2.3276994240  1  -2.2504200023  0  -2.7126497016  0  -2.7024305364
122  consult  0  -2.8048206787  1  -2.2504200023  0  -2.7126497016  0  -2.7024305364
123  control  0  -2.8048206787  1  -2.2504200023  0  -2.7126497016  0  -2.7024305364
124  controversial  1  -2.3276994240  0  -2.7275412570  0  -2.7126497016  0  -2.7024305364
125  conversion  0  -2.8048206787  0  -2.7275412570  1  -2.2355284469  0  -2.7024305364
126  cook  0  -2.8048206787  0  -2.7275412570  0  -2.7126497016  0  -2.7024305364
127  copy-on-write  0  -2.8048206787  0  -2.7275412570  0  -2.7126497016  0  -2.7024305364
128  corporate  1  -2.3276994240  0  -2.7275412570  0  -2.7126497016  0  -2.7024305364
129  corruption  1  -2.3276994240  0  -2.7275412570  0  -2.7126497016  0  -2.7024305364
130  could  2  -2.1058506744  0  -2.7275412570  0  -2.7126497016  0  -2.7024305364
131  create  0  -2.8048206787  0  -2.7275412570  0  -2.7126497016  0  -2.7024305364
132  crypto  0  -2.8048206787  0  -2.7275412570  1  -2.2355284469  0  -2.7024305364
133  csv  0  -2.8048206787  0  -2.7275412570  1  -2.2355284469  0  -2.7024305364
134  culture  1  -2.3276994240  0  -2.7275412570  0  -2.7126497016  0  -2.7024305364
135  custom  1  -2.3276994240  0  -2.7275412570  0  -2.7126497016  0  -2.7024305364
136  dapp  1  -2.3276994240  0  -2.7275412570  0  -2.7126497016  0  -2.7024305364
137  death  1  -2.3276994240  0  -2.7275412570  0  -2.7126497016  0  -2.7024305364
138  decently  1  -2.3276994240  0  -2.7275412570  0  -2.7126497016  0  -2.7024305364
139  decentralize  1  -2.3276994240  0  -2.7275412570  0  -2.7126497016  0  -2.7024305364
140  decisions  0  -2.8048206787  0  -2.7275412570  0  -2.7126497016  0  -2.7024305364
141  degree  0  -2.8048206787  1  -2.2504200023  0  -2.7126497016  0  -2.7024305364
142  demo  1  -2.3276994240  1  -2.2504200023  0  -2.7126497016  0  -2.7024305364
143  deploy  0  -2.8048206787  1  -2.2504200023  0  -2.7126497016  0  -2.7024305364
144  depth  1  -2.3276994240  0  -2.7275412570  0  -2.7126497016  0  -2.7024305364
145  development  0  -2.8048206787  1  -2.2504200023  0  -2.7126497016  0  -2.7024305364
146  devices  1  -2.3276994240  0  -2.7275412570  0  -2.7126497016  0  -2.7024305364
147  diligence  0  -2.8048206787  1  -2.2504200023  0  -2.7126497016  0  -2.7024305364
148  discord  1  -2.3276994240  0  -2.7275412570  0  -2.7126497016  0  -2.7024305364
149  dna  1  -2.3276994240  0  -2.7275412570  0  -2.7126497016  0  -2.7024305364
150  do  3  -1.9597226387  5  -1.6861485719  0  -2.7126497016  0  -2.7024305364
151  domain  0  -2.8048206787  1  -2.2504200023  0  -2.7126497016  0  -2.7024305364
152  don  1  -2.3276994240  0  -2.7275412570  0  -2.7126497016  0  -2.7024305364
153  down  1  -2.3276994240  0  -2.7275412570  0  -2.7126497016  0  -2.7024305364
154  dream  1  -2.3276994240  0  -2.7275412570  0  -2.7126497016  0  -2.7024305364
155  due  0  -2.8048206787  1  -2.2504200023  0  -2.7126497016  0  -2.7024305364
156  egg  1  -2.3276994240  0  -2.7275412570  0  -2.7126497016  0  -2.7024305364
157  elon  1  -2.3276994240  0  -2.7275412570  0  -2.7126497016  0  -2.7024305364
158  embody  1  -2.3276994240  0  -2.7275412570  0  -2.7126497016  0  -2.7024305364
159  employer  0  -2.8048206787  0  -2.7275412570  0  -2.7126497016  0  -2.7024305364
160  encryption  1  -2.3276994240  0  -2.7275412570  0  -2.7126497016  0  -2.7024305364
161  end  1  -2.3276994240  0  -2.7275412570  0  -2.7126497016  0  -2.7024305364
162  enjoy  1  -2.3276994240  0  -2.7275412570  0  -2.7126497016  0  -2.7024305364
163  entities  1  -2.3276994240  0  -2.7275412570  0  -2.7126497016  0  -2.7024305364
164  entrepreneurial  1  -2.3276994240  0  -2.7275412570  0  -2.7126497016  0  -2.7024305364
165  ethereum  1  -2.3276994240  0  -2.7275412570  0  -2.7126497016  0  -2.7024305364
166  etn  0  -2.8048206787  0  -2.7275412570  1  -2.2355284469  0  -2.7024305364
167  event  0  -2.8048206787  1  -2.2504200023  0  -2.7126497016  0  -2.7024305364
168  events  0  -2.8048206787  0  -2.7275412570  1  -2.2355284469  0  -2.7024305364
169  expansion  1  -2.3276994240  0  -2.7275412570  0  -2.7126497016  0  -2.7024305364
170  expect  1  -2.3276994240  0  -2.7275412570  0  -2.7126497016  0  -2.7024305364
171  explorations  1  -2.3276994240  0  -2.7275412570  0  -2.7126497016  0  -2.7024305364
172  exponential  0  -2.8048206787  0  -2.7275412570  1  -2.2355284469  0  -2.7024305364
173  express  2  -2.1058506744  0  -2.7275412570  0  -2.7126497016  0  -2.7024305364
174  facebooks  0  -2.8048206787  1  -2.2504200023  0  -2.7126497016  0  -2.7024305364
175  fair  1  -2.3276994240  0  -2.7275412570  0  -2.7126497016  0  -2.7024305364
176  fallacy  1  -2.3276994240  0  -2.7275412570  0  -2.7126497016  0  -2.7024305364
177  far  1  -2.3276994240  0  -2.7275412570  0  -2.7126497016  0  -2.7024305364
178  faster  1  -2.3276994240  0  -2.7275412570  0  -2.7126497016  0  -2.7024305364
179  feature  0  -2.8048206787  1  -2.2504200023  0  -2.7126497016  0  -2.7024305364
180  feet  1  -2.3276994240  0  -2.7275412570  0  -2.7126497016  0  -2.7024305364
181  field  1  -2.3276994240  0  -2.7275412570  0  -2.7126497016  0  -2.7024305364
182  fight  1  -2.3276994240  0  -2.7275412570  0  -2.7126497016  0  -2.7024305364
183  file  0  -2.8048206787  1  -2.2504200023  0  -2.7126497016  0  -2.7024305364
184  find  1  -2.3276994240  0  -2.7275412570  0  -2.7126497016  0  -2.7024305364
185  five  1  -2.3276994240  0  -2.7275412570  0  -2.7126497016  0  -2.7024305364
186  flywheel  1  -2.3276994240  0  -2.7275412570  0  -2.7126497016  0  -2.7024305364
187  for  5  -1.7634279936  3  -1.8824432170  2  -2.0136796973  0  -2.7024305364
188  fossil  1  -2.3276994240  0  -2.7275412570  0  -2.7126497016  0  -2.7024305364
189  foundation  1  -2.3276994240  0  -2.7275412570  0  -2.7126497016  0  -2.7024305364
190  framework  1  -2.3276994240  1  -2.2504200023  0  -2.7126497016  0  -2.7024305364
191  francisco  1  -2.3276994240  0  -2.7275412570  0  -2.7126497016  0  -2.7024305364
192  friendly  0  -2.8048206787  0  -2.7275412570  0  -2.7126497016  0  -2.7024305364
193  from  2  -2.1058506744  0  -2.7275412570  0  -2.7126497016  0  -2.7024305364
194  fry  1  -2.3276994240  0  -2.7275412570  0  -2.7126497016  0  -2.7024305364
195  function  0  -2.8048206787  0  -2.7275412570  0  -2.7126497016  0  -2.7024305364
196  garbage  0  -2.8048206787  0  -2.7275412570  0  -2.7126497016  0  -2.7024305364
197  genetic  1  -2.3276994240  0  -2.7275412570  0  -2.7126497016  0  -2.7024305364
198  give  1  -2.3276994240  0  -2.7275412570  0  -2.7126497016  0  -2.7024305364
199  glass  1  -2.3276994240  0  -2.7275412570  0  -2.7126497016  0  -2.7024305364
200  global  1  -2.3276994240  0  -2.7275412570  0  -2.7126497016  0  -2.7024305364
201  go  1  -2.3276994240  0  -2.7275412570  0  -2.7126497016  0  -2.7024305364
202  google  2  -2.1058506744  0  -2.7275412570  0  -2.7126497016  0  -2.7024305364
203  governance  1  -2.3276994240  0  -2.7275412570  0  -2.7126497016  0  -2.7024305364
204  hacker  1  -2.3276994240  0  -2.7275412570  0  -2.7126497016  0  -2.7024305364
205  hackernews  0  -2.8048206787  0  -2.7275412570  0  -2.7126497016  0  -2.7024305364
206  happen  1  -2.3276994240  0  -2.7275412570  0  -2.7126497016  0  -2.7024305364
207  happy  1  -2.3276994240  0  -2.7275412570  0  -2.7126497016  0  -2.7024305364
208  harassment  1  -2.3276994240  0  -2.7275412570  0  -2.7126497016  0  -2.7024305364
209  harp  1  -2.3276994240  0  -2.7275412570  0  -2.7126497016  0  -2.7024305364
210  haul  1  -2.3276994240  0  -2.7275412570  0  -2.7126497016  0  -2.7024305364
211  have  1  -2.3276994240  0  -2.7275412570  0  -2.7126497016  0  -2.7024305364
212  here  0  -2.8048206787  0  -2.7275412570  0  -2.7126497016  0  -2.7024305364
213  high  1  -2.3276994240  0  -2.7275412570  0  -2.7126497016  0  -2.7024305364
214  him  1  -2.3276994240  0  -2.7275412570  0  -2.7126497016  0  -2.7024305364
215  hn  1  -2.3276994240  15  -1.2361795632  6  -1.5987063493  0  -2.7024305364
216  how  6  -1.6908773264  1  -2.2504200023  1  -2.2355284469  0  -2.7024305364
217  human  1  -2.3276994240  0  -2.7275412570  0  -2.7126497016  0  -2.7024305364
218  hundreds  1  -2.3276994240  0  -2.7275412570  0  -2.7126497016  0  -2.7024305364
219  i  0  -2.8048206787  1  -2.2504200023  0  -2.7126497016  0  -2.7024305364
220  image  1  -2.3276994240  0  -2.7275412570  0  -2.7126497016  0  -2.7024305364
221  important  1  -2.3276994240  0  -2.7275412570  0  -2.7126497016  0  -2.7024305364
222  improve  0  -2.8048206787  1  -2.2504200023  0  -2.7126497016  0  -2.7024305364
223  in  13  -1.3734569146  4  -1.7732987476  1  -2.2355284469  0  -2.7024305364
224  in-browser  0  -2.8048206787  0  -2.7275412570  1  -2.2355284469  0  -2.7024305364
225  insolvent  1  -2.3276994240  0  -2.7275412570  0  -2.7126497016  0  -2.7024305364
226  interactive  0  -2.8048206787  1  -2.2504200023  0  -2.7126497016  0  -2.7024305364
227  interest  1  -2.3276994240  0  -2.7275412570  0  -2.7126497016  0  -2.7024305364
228  introduction  1  -2.3276994240  0  -2.7275412570  0  -2.7126497016  0  -2.7024305364
229  ioccc  0  -2.8048206787  0  -2.7275412570  0  -2.7126497016  0  -2.7024305364
230  iota  1  -2.3276994240  1  -2.2504200023  0  -2.7126497016  0  -2.7024305364
231  iran  1  -2.3276994240  0  -2.7275412570  0  -2.7126497016  0  -2.7024305364
232  isolation  2  -2.1058506744  0  -2.7275412570  0  -2.7126497016  0  -2.7024305364
233  isp  1  -2.3276994240  0  -2.7275412570  0  -2.7126497016  0  -2.7024305364
234  it  1  -2.3276994240  0  -2.7275412570  0  -2.7126497016  0  -2.7024305364
235  its  1  -2.3276994240  0  -2.7275412570  0  -2.7126497016  0  -2.7024305364
236  ivory  1  -2.3276994240  0  -2.7275412570  0  -2.7126497016  0  -2.7024305364
237  javascript  0  -2.8048206787  1  -2.2504200023  1  -2.2355284469  0  -2.7024305364
238  job  1  -2.3276994240  0  -2.7275412570  0  -2.7126497016  0  -2.7024305364
239  join  0  -2.8048206787  0  -2.7275412570  0  -2.7126497016  0  -2.7024305364
240  jong-un  1  -2.3276994240  0  -2.7275412570  0  -2.7126497016  0  -2.7024305364
241  judge  1  -2.3276994240  0  -2.7275412570  0  -2.7126497016  0  -2.7024305364
242  jumbo  1  -2.3276994240  0  -2.7275412570  0  -2.7126497016  0  -2.7024305364
243  kernel  1  -2.3276994240  0  -2.7275412570  0  -2.7126497016  0  -2.7024305364
244  kim  1  -2.3276994240  0  -2.7275412570  0  -2.7126497016  0  -2.7024305364
245  korea  1  -2.3276994240  0  -2.7275412570  0  -2.7126497016  0  -2.7024305364
246  land  1  -2.3276994240  0  -2.7275412570  0  -2.7126497016  0  -2.7024305364
247  language  2  -2.1058506744  0  -2.7275412570  0  -2.7126497016  0  -2.7024305364
248  last  0  -2.8048206787  1  -2.2504200023  0  -2.7126497016  0  -2.7024305364
249  lead  1  -2.3276994240  0  -2.7275412570  0  -2.7126497016  0  -2.7024305364
250  learn  2  -2.1058506744  1  -2.2504200023  1  -2.2355284469  0  -2.7024305364
251  legal  1  -2.3276994240  0  -2.7275412570  0  -2.7126497016  0  -2.7024305364
252  let  1  -2.3276994240  0  -2.7275412570  0  -2.7126497016  0  -2.7024305364
253  level  1  -2.3276994240  0  -2.7275412570  0  -2.7126497016  0  -2.7024305364
254  lg  0  -2.8048206787  0  -2.7275412570  0  -2.7126497016  0  -2.7024305364
255  library  1  -2.3276994240  0  -2.7275412570  0  -2.7126497016  0  -2.7024305364
256  like  0  -2.8048206787  0  -2.7275412570  0  -2.7126497016  0  -2.7024305364
257  limit  0  -2.8048206787  0  -2.7275412570  0  -2.7126497016  0  -2.7024305364
258  linus  1  -2.3276994240  0  -2.7275412570  0  -2.7126497016  0  -2.7024305364
259  linux  2  -2.1058506744  0  -2.7275412570  0  -2.7126497016  0  -2.7024305364
260  linux/iot  1  -2.3276994240  0  -2.7275412570  0  -2.7126497016  0  -2.7024305364
261  list  1  -2.3276994240  0  -2.7275412570  0  -2.7126497016  0  -2.7024305364
262  listen  1  -2.3276994240  1  -2.2504200023  0  -2.7126497016  0  -2.7024305364
263  live  0  -2.8048206787  0  -2.7275412570  0  -2.7126497016  0  -2.7024305364
264  local  0  -2.8048206787  0  -2.7275412570  0  -2.7126497016  0  -2.7024305364
265  logic  1  -2.3276994240  0  -2.7275412570  0  -2.7126497016  0  -2.7024305364
266  logical  1  -2.3276994240  0  -2.7275412570  0  -2.7126497016  0  -2.7024305364
267  m  0  -2.8048206787  1  -2.2504200023  0  -2.7126497016  0  -2.7024305364
268  machine  2  -2.1058506744  0  -2.7275412570  0  -2.7126497016  0  -2.7024305364
269  main  0  -2.8048206787  0  -2.7275412570  0  -2.7126497016  0  -2.7024305364
270  make  2  -2.1058506744  0  -2.7275412570  0  -2.7126497016  0  -2.7024305364
271  market  0  -2.8048206787  1  -2.2504200023  0  -2.7126497016  0  -2.7024305364
272  media  1  -2.3276994240  0  -2.7275412570  0  -2.7126497016  0  -2.7024305364
273  meet  1  -2.3276994240  0  -2.7275412570  0  -2.7126497016  0  -2.7024305364
274  meetups  0  -2.8048206787  0  -2.7275412570  0  -2.7126497016  0  -2.7024305364
275  merge  1  -2.3276994240  0  -2.7275412570  0  -2.7126497016  0  -2.7024305364
276  metric  1  -2.3276994240  0  -2.7275412570  0  -2.7126497016  0  -2.7024305364
277  microservices  1  -2.3276994240  0  -2.7275412570  0  -2.7126497016  0  -2.7024305364
278  middleware  2  -2.1058506744  0  -2.7275412570  0  -2.7126497016  0  -2.7024305364
279  miner  0  -2.8048206787  0  -2.7275412570  1  -2.2355284469  0  -2.7024305364
280  minimal  1  -2.3276994240  0  -2.7275412570  0  -2.7126497016  0  -2.7024305364
281  mobile  1  -2.3276994240  0  -2.7275412570  0  -2.7126497016  0  -2.7024305364
282  months  0  -2.8048206787  0  -2.7275412570  0  -2.7126497016  0  -2.7024305364
283  moon  1  -2.3276994240  0  -2.7275412570  0  -2.7126497016  0  -2.7024305364
284  most  1  -2.3276994240  0  -2.7275412570  0  -2.7126497016  0  -2.7024305364
285  mouse  0  -2.8048206787  0  -2.7275412570  1  -2.2355284469  0  -2.7024305364
286  move  1  -2.3276994240  0  -2.7275412570  0  -2.7126497016  0  -2.7024305364
287  movingcollage  0  -2.8048206787  0  -2.7275412570  0  -2.7126497016  0  -2.7024305364
288  my  0  -2.8048206787  1  -2.2504200023  0  -2.7126497016  0  -2.7024305364
289  myself  0  -2.8048206787  0  -2.7275412570  0  -2.7126497016  0  -2.7024305364
290  mysterious  1  -2.3276994240  0  -2.7275412570  0  -2.7126497016  0  -2.7024305364
291  name  0  -2.8048206787  2  -2.0285712527  0  -2.7126497016  0  -2.7024305364
292  national  2  -2.1058506744  0  -2.7275412570  0  -2.7126497016  0  -2.7024305364
293  network  2  -2.1058506744  0  -2.7275412570  0  -2.7126497016  0  -2.7024305364
294  new  5  -1.7634279936  2  -2.0285712527  0  -2.7126497016  0  -2.7024305364
295  news  2  -2.1058506744  0  -2.7275412570  0  -2.7126497016  0  -2.7024305364
296  no  1  -2.3276994240  0  -2.7275412570  0  -2.7126497016  0  -2.7024305364
297  noah  1  -2.3276994240  0  -2.7275412570  0  -2.7126497016  0  -2.7024305364
298  non-profit  0  -2.8048206787  1  -2.2504200023  0  -2.7126497016  0  -2.7024305364
299  north  1  -2.3276994240  0  -2.7275412570  0  -2.7126497016  0  -2.7024305364
300  not  2  -2.1058506744  1  -2.2504200023  0  -2.7126497016  0  -2.7024305364
301  now  2  -2.1058506744  0  -2.7275412570  0  -2.7126497016  0  -2.7024305364
302  nuclear  1  -2.3276994240  0  -2.7275412570  0  -2.7126497016  0  -2.7024305364
303  obtain  1  -2.3276994240  0  -2.7275412570  0  -2.7126497016  0  -2.7024305364
304  of  12  -1.4068806700  0  -2.7275412570  0  -2.7126497016  0  -2.7024305364
305  oh  1  -2.3276994240  0  -2.7275412570  0  -2.7126497016  0  -2.7024305364
306  oil  1  -2.3276994240  0  -2.7275412570  0  -2.7126497016  0  -2.7024305364
307  older  0  -2.8048206787  0  -2.7275412570  0  -2.7126497016  0  -2.7024305364
308  on  3  -1.9597226387  1  -2.2504200023  0  -2.7126497016  0  -2.7024305364
309  one  1  -2.3276994240  0  -2.7275412570  0  -2.7126497016  0  -2.7024305364
310  online  1  -2.3276994240  0  -2.7275412570  0  -2.7126497016  0  -2.7024305364
311  only  1  -2.3276994240  0  -2.7275412570  0  -2.7126497016  0  -2.7024305364
312  open  0  -2.8048206787  0  -2.7275412570  1  -2.2355284469  0  -2.7024305364
313  or  0  -2.8048206787  2  -2.0285712527  0  -2.7126497016  0  -2.7024305364
314  others  0  -2.8048206787  0  -2.7275412570  0  -2.7126497016  0  -2.7024305364
315  our  1  -2.3276994240  0  -2.7275412570  0  -2.7126497016  0  -2.7024305364
316  out  1  -2.3276994240  0  -2.7275412570  0  -2.7126497016  0  -2.7024305364
317  own  1  -2.3276994240  0  -2.7275412570  0  -2.7126497016  0  -2.7024305364
318  page  2  -2.1058506744  0  -2.7275412570  0  -2.7126497016  0  -2.7024305364
319  paper  1  -2.3276994240  0  -2.7275412570  0  -2.7126497016  0  -2.7024305364
320  part  1  -2.3276994240  0  -2.7275412570  0  -2.7126497016  0  -2.7024305364
321  patch  2  -2.1058506744  0  -2.7275412570  0  -2.7126497016  0  -2.7024305364
322  pattern  1  -2.3276994240  0  -2.7275412570  0  -2.7126497016  0  -2.7024305364
323  pdf  2  -2.1058506744  0  -2.7275412570  1  -2.2355284469  0  -2.7024305364
324  pearl  1  -2.3276994240  0  -2.7275412570  0  -2.7126497016  0  -2.7024305364
325  pen  1  -2.3276994240  0  -2.7275412570  0  -2.7126497016  0  -2.7024305364
326  people  1  -2.3276994240  0  -2.7275412570  0  -2.7126497016  0  -2.7024305364
327  perform  0  -2.8048206787  1  -2.2504200023  0  -2.7126497016  0  -2.7024305364
328  performance  1  -2.3276994240  0  -2.7275412570  0  -2.7126497016  0  -2.7024305364
329  philippines  1  -2.3276994240  0  -2.7275412570  0  -2.7126497016  0  -2.7024305364
330  phone  0  -2.8048206787  0  -2.7275412570  0  -2.7126497016  0  -2.7024305364
331  photo  1  -2.3276994240  0  -2.7275412570  0  -2.7126497016  0  -2.7024305364
332  picasso  1  -2.3276994240  0  -2.7275412570  0  -2.7126497016  0  -2.7024305364
333  plan  0  -2.8048206787  1  -2.2504200023  0  -2.7126497016  0  -2.7024305364
334  plirus  1  -2.3276994240  0  -2.7275412570  0  -2.7126497016  0  -2.7024305364
335  podcast  0  -2.8048206787  1  -2.2504200023  0  -2.7126497016  0  -2.7024305364
336  police  1  -2.3276994240  0  -2.7275412570  0  -2.7126497016  0  -2.7024305364
337  possible  1  -2.3276994240  0  -2.7275412570  0  -2.7126497016  0  -2.7024305364
338  probability  1  -2.3276994240  0  -2.7275412570  0  -2.7126497016  0  -2.7024305364
339  problem  2  -2.1058506744  0  -2.7275412570  0  -2.7126497016  0  -2.7024305364
340  production  1  -2.3276994240  0  -2.7275412570  0  -2.7126497016  0  -2.7024305364
341  program  0  -2.8048206787  0  -2.7275412570  0  -2.7126497016  0  -2.7024305364
342  project  0  -2.8048206787  0  -2.7275412570  1  -2.2355284469  0  -2.7024305364
343  protest  1  -2.3276994240  0  -2.7275412570  0  -2.7126497016  0  -2.7024305364
344  protester  1  -2.3276994240  0  -2.7275412570  0  -2.7126497016  0  -2.7024305364
345  provider  0  -2.8048206787  1  -2.2504200023  0  -2.7126497016  0  -2.7024305364
346  pseudoscience  1  -2.3276994240  0  -2.7275412570  0  -2.7126497016  0  -2.7024305364
347  psychology  1  -2.3276994240  0  -2.7275412570  0  -2.7126497016  0  -2.7024305364
348  psychosis  1  -2.3276994240  0  -2.7275412570  0  -2.7126497016  0  -2.7024305364
349  pterosaur  1  -2.3276994240  0  -2.7275412570  0  -2.7126497016  0  -2.7024305364
350  pulse  1  -2.3276994240  0  -2.7275412570  0  -2.7126497016  0  -2.7024305364
351  put  1  -2.3276994240  0  -2.7275412570  0  -2.7126497016  0  -2.7024305364
352  python  1  -2.3276994240  0  -2.7275412570  0  -2.7126497016  0  -2.7024305364
353  quality  2  -2.1058506744  0  -2.7275412570  0  -2.7126497016  0  -2.7024305364
354  quantum  1  -2.3276994240  0  -2.7275412570  0  -2.7126497016  0  -2.7024305364
355  quiet  1  -2.3276994240  0  -2.7275412570  0  -2.7126497016  0  -2.7024305364
356  r  1  -2.3276994240  0  -2.7275412570  0  -2.7126497016  0  -2.7024305364
357  radio  1  -2.3276994240  0  -2.7275412570  0  -2.7126497016  0  -2.7024305364
358  rarest  1  -2.3276994240  0  -2.7275412570  0  -2.7126497016  0  -2.7024305364
359  read  0  -2.8048206787  1  -2.2504200023  0  -2.7126497016  0  -2.7024305364
360  reason  1  -2.3276994240  0  -2.7275412570  0  -2.7126497016  0  -2.7024305364
361  recognition  1  -2.3276994240  0  -2.7275412570  0  -2.7126497016  0  -2.7024305364
362  recommendations  0  -2.8048206787  1  -2.2504200023  0  -2.7126497016  0  -2.7024305364
363  record-breaking  1  -2.3276994240  0  -2.7275412570  0  -2.7126497016  0  -2.7024305364
364  redox  1  -2.3276994240  0  -2.7275412570  0  -2.7126497016  0  -2.7024305364
365  registrars  0  -2.8048206787  1  -2.2504200023  0  -2.7126497016  0  -2.7024305364
366  regret  1  -2.3276994240  0  -2.7275412570  0  -2.7126497016  0  -2.7024305364
367  remember  0  -2.8048206787  1  -2.2504200023  0  -2.7126497016  0  -2.7024305364
368  remotely  1  -2.3276994240  0  -2.7275412570  0  -2.7126497016  0  -2.7024305364
369  remove  1  -2.3276994240  0  -2.7275412570  0  -2.7126497016  0  -2.7024305364
370  require  0  -2.8048206787  1  -2.2504200023  0  -2.7126497016  0  -2.7024305364
371  research  1  -2.3276994240  0  -2.7275412570  0  -2.7126497016  0  -2.7024305364
372  reserve  1  -2.3276994240  0  -2.7275412570  0  -2.7126497016  0  -2.7024305364
373  resolution  0  -2.8048206787  1  -2.2504200023  0  -2.7126497016  0  -2.7024305364
374  resolutions  0  -2.8048206787  2  -2.0285712527  0  -2.7126497016  0  -2.7024305364
375  resources  0  -2.8048206787  1  -2.2504200023  0  -2.7126497016  0  -2.7024305364
376  retreat  1  -2.3276994240  0  -2.7275412570  0  -2.7126497016  0  -2.7024305364
377  rhythm  1  -2.3276994240  0  -2.7275412570  0  -2.7126497016  0  -2.7024305364
378  richer  0  -2.8048206787  0  -2.7275412570  0  -2.7126497016  0  -2.7024305364
379  room  0  -2.8048206787  1  -2.2504200023  0  -2.7126497016  0  -2.7024305364
380  router  1  -2.3276994240  0  -2.7275412570  0  -2.7126497016  0  -2.7024305364
381  ruby  1  -2.3276994240  0  -2.7275412570  0  -2.7126497016  0  -2.7024305364
382  s  2  -2.1058506744  0  -2.7275412570  0  -2.7126497016  0  -2.7024305364
383  sabotage  1  -2.3276994240  0  -2.7275412570  0  -2.7126497016  0  -2.7024305364
384  samsung  0  -2.8048206787  0  -2.7275412570  0  -2.7126497016  0  -2.7024305364
385  san  1  -2.3276994240  0  -2.7275412570  0  -2.7126497016  0  -2.7024305364
386  sane  1  -2.3276994240  0  -2.7275412570  0  -2.7126497016  0  -2.7024305364
387  say  0  -2.8048206787  0  -2.7275412570  0  -2.7126497016  0  -2.7024305364
388  scale  1  -2.3276994240  0  -2.7275412570  0  -2.7126497016  0  -2.7024305364
389  science  1  -2.3276994240  1  -2.2504200023  0  -2.7126497016  0  -2.7024305364
390  scientific  1  -2.3276994240  0  -2.7275412570  0  -2.7126497016  0  -2.7024305364
391  script  1  -2.3276994240  0  -2.7275412570  0  -2.7126497016  0  -2.7024305364
392  sec  1  -2.3276994240  0  -2.7275412570  0  -2.7126497016  0  -2.7024305364
393  self-assembly  1  -2.3276994240  0  -2.7275412570  0  -2.7126497016  0  -2.7024305364
394  self-teleportation  1  -2.3276994240  0  -2.7275412570  0  -2.7126497016  0  -2.7024305364
395  shop  1  -2.3276994240  0  -2.7275412570  0  -2.7126497016  0  -2.7024305364
396  should  0  -2.8048206787  1  -2.2504200023  0  -2.7126497016  0  -2.7024305364
397  show  0  -2.8048206787  0  -2.7275412570  6  -1.5987063493  0  -2.7024305364
398  shut  1  -2.3276994240  0  -2.7275412570  0  -2.7126497016  0  -2.7024305364
399  side  1  -2.3276994240  0  -2.7275412570  0  -2.7126497016  0  -2.7024305364
400  simple  1  -2.3276994240  0  -2.7275412570  1  -2.2355284469  0  -2.7024305364
401  simplecoin  1  -2.3276994240  0  -2.7275412570  0  -2.7126497016  0  -2.7024305364
402  site  1  -2.3276994240  0  -2.7275412570  0  -2.7126497016  0  -2.7024305364
403  slow  0  -2.8048206787  0  -2.7275412570  0  -2.7126497016  0  -2.7024305364
404  social  1  -2.3276994240  0  -2.7275412570  0  -2.7126497016  0  -2.7024305364
405  software  0  -2.8048206787  1  -2.2504200023  0  -2.7126497016  0  -2.7024305364
406  solutions  0  -2.8048206787  1  -2.2504200023  0  -2.7126497016  0  -2.7024305364
407  solve  1  -2.3276994240  0  -2.7275412570  0  -2.7126497016  0  -2.7024305364
408  sooner  1  -2.3276994240  0  -2.7275412570  0  -2.7126497016  0  -2.7024305364
409  source  0  -2.8048206787  0  -2.7275412570  1  -2.2355284469  0  -2.7024305364
410  space  1  -2.3276994240  0  -2.7275412570  0  -2.7126497016  0  -2.7024305364
411  spacebut  1  -2.3276994240  0  -2.7275412570  0  -2.7126497016  0  -2.7024305364
412  span  0  -2.8048206787  0  -2.7275412570  0  -2.7126497016  0  -2.7024305364
413  sparse  1  -2.3276994240  0  -2.7275412570  0  -2.7126497016  0  -2.7024305364
414  specific  1  -2.3276994240  0  -2.7275412570  0  -2.7126497016  0  -2.7024305364
415  speech  1  -2.3276994240  0  -2.7275412570  0  -2.7126497016  0  -2.7024305364
416  spend  0  -2.8048206787  0  -2.7275412570  0  -2.7126497016  0  -2.7024305364
417  spot  1  -2.3276994240  0  -2.7275412570  0  -2.7126497016  0  -2.7024305364
418  spread  1  -2.3276994240  0  -2.7275412570  0  -2.7126497016  0  -2.7024305364
419  start  1  -2.3276994240  0  -2.7275412570  0  -2.7126497016  0  -2.7024305364
420  state  1  -2.3276994240  0  -2.7275412570  0  -2.7126497016  0  -2.7024305364
421  stop  2  -2.1058506744  0  -2.7275412570  0  -2.7126497016  0  -2.7024305364
422  store  1  -2.3276994240  0  -2.7275412570  0  -2.7126497016  0  -2.7024305364
423  strain  1  -2.3276994240  0  -2.7275412570  0  -2.7126497016  0  -2.7024305364
424  succeed  0  -2.8048206787  1  -2.2504200023  0  -2.7126497016  0  -2.7024305364
425  sugar  1  -2.3276994240  0  -2.7275412570  0  -2.7126497016  0  -2.7024305364
426  supermarket  1  -2.3276994240  0  -2.7275412570  0  -2.7126497016  0  -2.7024305364
427  supply  1  -2.3276994240  0  -2.7275412570  0  -2.7126497016  0  -2.7024305364
428  t  1  -2.3276994240  0  -2.7275412570  0  -2.7126497016  0  -2.7024305364
429  table  2  -2.1058506744  0  -2.7275412570  0  -2.7126497016  0  -2.7024305364
430  task  1  -2.3276994240  0  -2.7275412570  0  -2.7126497016  0  -2.7024305364
431  teach  1  -2.3276994240  0  -2.7275412570  0  -2.7126497016  0  -2.7024305364
432  tech-related  0  -2.8048206787  1  -2.2504200023  0  -2.7126497016  0  -2.7024305364
433  technical  0  -2.8048206787  1  -2.2504200023  0  -2.7126497016  0  -2.7024305364
434  techniques  2  -2.1058506744  0  -2.7275412570  0  -2.7126497016  0  -2.7024305364
435  tell  1  -2.3276994240  0  -2.7275412570  0  -2.7126497016  0  -2.7024305364
436  terminal  1  -2.3276994240  0  -2.7275412570  0  -2.7126497016  0  -2.7024305364
437  test  2  -2.1058506744  0  -2.7275412570  0  -2.7126497016  0  -2.7024305364
438  than  1  -2.3276994240  0  -2.7275412570  0  -2.7126497016  0  -2.7024305364
439  that  1  -2.3276994240  1  -2.2504200023  0  -2.7126497016  0  -2.7024305364
440  the  17  -1.2607526344  1  -2.2504200023  1  -2.2355284469  0  -2.7024305364
441  their  0  -2.8048206787  0  -2.7275412570  0  -2.7126497016  0  -2.7024305364
442  therapy  1  -2.3276994240  0  -2.7275412570  0  -2.7126497016  0  -2.7024305364
443  there  0  -2.8048206787  1  -2.2504200023  0  -2.7126497016  0  -2.7024305364
444  they  0  -2.8048206787  0  -2.7275412570  0  -2.7126497016  0  -2.7024305364
445  thin  1  -2.3276994240  0  -2.7275412570  0  -2.7126497016  0  -2.7024305364
446  think  1  -2.3276994240  0  -2.7275412570  0  -2.7126497016  0  -2.7024305364
447  this  1  -2.3276994240  0  -2.7275412570  0  -2.7126497016  0  -2.7024305364
448  threats  1  -2.3276994240  0  -2.7275412570  0  -2.7126497016  0  -2.7024305364
449  ticker  0  -2.8048206787  0  -2.7275412570  1  -2.2355284469  0  -2.7024305364
450  time  2  -2.1058506744  0  -2.7275412570  0  -2.7126497016  0  -2.7024305364
451  tiny  1  -2.3276994240  0  -2.7275412570  0  -2.7126497016  0  -2.7024305364
452  to  16  -1.2863067388  2  -2.0285712527  1  -2.2355284469  0  -2.7024305364
453  tool  1  -2.3276994240  0  -2.7275412570  0  -2.7126497016  0  -2.7024305364
454  top  1  -2.3276994240  0  -2.7275412570  0  -2.7126497016  0  -2.7024305364
455  toshi  1  -2.3276994240  0  -2.7275412570  0  -2.7126497016  0  -2.7024305364
456  trade  1  -2.3276994240  0  -2.7275412570  0  -2.7126497016  0  -2.7024305364
457  trend  0  -2.8048206787  1  -2.2504200023  0  -2.7126497016  0  -2.7024305364
458  trolley  1  -2.3276994240  0  -2.7275412570  0  -2.7126497016  0  -2.7024305364
459  twitter  1  -2.3276994240  0  -2.7275412570  0  -2.7126497016  0  -2.7024305364
460  type  2  -2.1058506744  0  -2.7275412570  0  -2.7126497016  0  -2.7024305364
461  u.s.  1  -2.3276994240  0  -2.7275412570  0  -2.7126497016  0  -2.7024305364
462  ugliest  0  -2.8048206787  1  -2.2504200023  0  -2.7126497016  0  -2.7024305364
463  under  1  -2.3276994240  0  -2.7275412570  0  -2.7126497016  0  -2.7024305364
464  unite  1  -2.3276994240  0  -2.7275412570  0  -2.7126497016  0  -2.7024305364
465  up  1  -2.3276994240  0  -2.7275412570  0  -2.7126497016  0  -2.7024305364
466  urban  1  -2.3276994240  0  -2.7275412570  0  -2.7126497016  0  -2.7024305364
467  us  2  -2.1058506744  0  -2.7275412570  0  -2.7126497016  0  -2.7024305364
468  use  2  -2.1058506744  0  -2.7275412570  0  -2.7126497016  0  -2.7024305364
469  users  1  -2.3276994240  0  -2.7275412570  0  -2.7126497016  0  -2.7024305364
470  variable  1  -2.3276994240  0  -2.7275412570  0  -2.7126497016  0  -2.7024305364
471  version  0  -2.8048206787  1  -2.2504200023  0  -2.7126497016  0  -2.7024305364
472  victimhood  1  -2.3276994240  0  -2.7275412570  0  -2.7126497016  0  -2.7024305364
473  video  1  -2.3276994240  0  -2.7275412570  0  -2.7126497016  0  -2.7024305364
474  vim-netranger  1  -2.3276994240  0  -2.7275412570  0  -2.7126497016  0  -2.7024305364
475  volcanic  1  -2.3276994240  0  -2.7275412570  0  -2.7126497016  0  -2.7024305364
476  vote  1  -2.3276994240  0  -2.7275412570  0  -2.7126497016  0  -2.7024305364
477  want  1  -2.3276994240  1  -2.2504200023  0  -2.7126497016  0  -2.7024305364
478  wav2letter  1  -2.3276994240  0  -2.7275412570  0  -2.7126497016  0  -2.7024305364
479  way  1  -2.3276994240  0  -2.7275412570  0  -2.7126497016  0  -2.7024305364
480  we  1  -2.3276994240  0  -2.7275412570  0  -2.7126497016  0  -2.7024305364
481  web  0  -2.8048206787  1  -2.2504200023  1  -2.2355284469  0  -2.7024305364
482  week  1  -2.3276994240  0  -2.7275412570  0  -2.7126497016  0  -2.7024305364
483  weird  1  -2.3276994240  0  -2.7275412570  0  -2.7126497016  0  -2.7024305364
484  what  3  -1.9597226387  6  -1.6135979047  0  -2.7126497016  0  -2.7024305364
485  when  1  -2.3276994240  0  -2.7275412570  0  -2.7126497016  0  -2.7024305364
486  whenever  1  -2.3276994240  0  -2.7275412570  0  -2.7126497016  0  -2.7024305364
487  why  1  -2.3276994240  0  -2.7275412570  0  -2.7126497016  0  -2.7024305364
488  will  1  -2.3276994240  0  -2.7275412570  0  -2.7126497016  0  -2.7024305364
489  winter  1  -2.3276994240  0  -2.7275412570  0  -2.7126497016  0  -2.7024305364
490  with  6  -1.6908773264  0  -2.7275412570  0  -2.7126497016  0  -2.7024305364
491  without  1  -2.3276994240  0  -2.7275412570  0  -2.7126497016  0  -2.7024305364
492  work  2  -2.1058506744  1  -2.2504200023  1  -2.2355284469  0  -2.7024305364
493  would  0  -2.8048206787  1  -2.2504200023  0  -2.7126497016  0  -2.7024305364
494  write  2  -2.1058506744  0  -2.7275412570  0  -2.7126497016  0  -2.7024305364
495  xmr  0  -2.8048206787  0  -2.7275412570  1  -2.2355284469  0  -2.7024305364
496  year  3  -1.9597226387  2  -2.0285712527  0  -2.7126497016  0  -2.7024305364
497  years  1  -2.3276994240  0  -2.7275412570  0  -2.7126497016  0  -2.7024305364
498  you  3  -1.9597226387  6  -1.6135979047  0  -2.7126497016  0  -2.7024305364
499  your  2  -2.1058506744  2  -2.0285712527  0  -2.7126497016  0  -2.7024305364
500  zone  1  -2.3276994240  0  -2.7275412570  0  -2.7126497016  0  -2.7024305364
501  –  4  -1.8505781693  0  -2.7275412570  1  -2.2355284469  0  -2.7024305364
502  ’  3  -1.9597226387  0  -2.7275412570  0  -2.7126497016  0  -2.7024305364
503  “  1  -2.3276994240  0  -2.7275412570  0  -2.7126497016  0  -2.7024305364
504  ”  1  -2.3276994240  0  -2.7275412570  0  -2.7126497016  0  -2.7024305364
