1  'kenyan  1  -2.3159703455  0  -2.6028735310  0  -2.5905074620  0  -2.5820633629
2  're  1  -2.3159703455  0  -2.6028735310  0  -2.5905074620  0  -2.5820633629
3  1996  1  -2.3159703455  0  -2.6028735310  0  -2.5905074620  0  -2.5820633629
4  2002  1  -2.3159703455  0  -2.6028735310  0  -2.5905074620  0  -2.5820633629
5  2010  1  -2.3159703455  0  -2.6028735310  0  -2.5905074620  0  -2.5820633629
6  2011  1  -2.3159703455  0  -2.6028735310  0  -2.5905074620  0  -2.5820633629
7  2013  2  -2.1240848192  0  -2.6028735310  0  -2.5905074620  0  -2.5820633629
8  2014  1  -2.3159703455  0  -2.6028735310  0  -2.5905074620  0  -2.5820633629
9  2016  1  -2.3159703455  0  -2.6028735310  0  -2.5905074620  0  -2.5820633629
10  2017  3  -1.9914592539  2  -2.0588054867  0  -2.5905074620  0  -2.5820633629
11  2018  0  -2.6681528636  3  -1.9261799214  0  -2.5905074620  0  -2.5820633629
12  25th  0  -2.6681528636  0  -2.6028735310  0  -2.5905074620  0  -2.5820633629
13  2min  1  -2.3159703455  0  -2.6028735310  0  -2.5905074620  0  -2.5820633629
14  37000  1  -2.3159703455  0  -2.6028735310  0  -2.5905074620  0  -2.5820633629
15  3x3  1  -2.3159703455  0  -2.6028735310  0  -2.5905074620  0  -2.5820633629
16  4.15  1  -2.3159703455  0  -2.6028735310  0  -2.5905074620  0  -2.5820633629
17  50m  1  -2.3159703455  0  -2.6028735310  0  -2.5905074620  0  -2.5820633629
18  about  1  -2.3159703455  0  -2.6028735310  0  -2.5905074620  0  -2.5820633629
19  acme  0  -2.6681528636  0  -2.6028735310  1  -2.2383249439  0  -2.5820633629
20  after  0  -2.6681528636  0  -2.6028735310  0  -2.5905074620  0  -2.5820633629
21  air  2  -2.1240848192  0  -2.6028735310  0  -2.5905074620  0  -2.5820633629
22  airborne  1  -2.3159703455  0  -2.6028735310  0  -2.5905074620  0  -2.5820633629
23  airport  1  -2.3159703455  0  -2.6028735310  0  -2.5905074620  0  -2.5820633629
24  altco  0  -2.6681528636  0  -2.6028735310  1  -2.2383249439  0  -2.5820633629
25  amazon  1  -2.3159703455  0  -2.6028735310  0  -2.5905074620  0  -2.5820633629
26  and  5  -1.8078148570  1  -2.2506910129  1  -2.2383249439  0  -2.5820633629
27  any  0  -2.6681528636  3  -1.9261799214  0  -2.5905074620  0  -2.5820633629
28  apple  1  -2.3159703455  0  -2.6028735310  0  -2.5905074620  0  -2.5820633629
29  apply  0  -2.6681528636  0  -2.6028735310  0  -2.5905074620  0  -2.5820633629
30  apps  1  -2.3159703455  1  -2.2506910129  0  -2.5905074620  0  -2.5820633629
31  arrive  1  -2.3159703455  0  -2.6028735310  0  -2.5905074620  0  -2.5820633629
32  arsenal  1  -2.3159703455  0  -2.6028735310  0  -2.5905074620  0  -2.5820633629
33  ash  1  -2.3159703455  0  -2.6028735310  0  -2.5905074620  0  -2.5820633629
34  ask  0  -2.6681528636  15  -1.3073064311  0  -2.5905074620  0  -2.5820633629
35  attack  1  -2.3159703455  0  -2.6028735310  0  -2.5905074620  0  -2.5820633629
36  bake  1  -2.3159703455  0  -2.6028735310  0  -2.5905074620  0  -2.5820633629
37  basic  1  -2.3159703455  0  -2.6028735310  0  -2.5905074620  0  -2.5820633629
38  bcn  0  -2.6681528636  0  -2.6028735310  1  -2.2383249439  0  -2.5820633629
39  beat  1  -2.3159703455  0  -2.6028735310  0  -2.5905074620  0  -2.5820633629
40  before  0  -2.6681528636  1  -2.2506910129  0  -2.5905074620  0  -2.5820633629
41  begin  1  -2.3159703455  0  -2.6028735310  0  -2.5905074620  0  -2.5820633629
42  beijing  1  -2.3159703455  0  -2.6028735310  0  -2.5905074620  0  -2.5820633629
43  believe  0  -2.6681528636  0  -2.6028735310  0  -2.5905074620  0  -2.5820633629
44  berlin  0  -2.6681528636  0  -2.6028735310  0  -2.5905074620  0  -2.5820633629
45  best  1  -2.3159703455  0  -2.6028735310  0  -2.5905074620  0  -2.5820633629
46  block  1  -2.3159703455  0  -2.6028735310  0  -2.5905074620  0  -2.5820633629
47  blog  1  -2.3159703455  0  -2.6028735310  1  -2.2383249439  0  -2.5820633629
48  blood  1  -2.3159703455  0  -2.6028735310  0  -2.5905074620  0  -2.5820633629
49  board  1  -2.3159703455  0  -2.6028735310  0  -2.5905074620  0  -2.5820633629
50  body  1  -2.3159703455  0  -2.6028735310  0  -2.5905074620  0  -2.5820633629
51  book  1  -2.3159703455  1  -2.2506910129  0  -2.5905074620  0  -2.5820633629
52  boom  1  -2.3159703455  0  -2.6028735310  0  -2.5905074620  0  -2.5820633629
53  bootcamp  0  -2.6681528636  0  -2.6028735310  0  -2.5905074620  0  -2.5820633629
54  brain  1  -2.3159703455  0  -2.6028735310  0  -2.5905074620  0  -2.5820633629
55  break  1  -2.3159703455  0  -2.6028735310  0  -2.5905074620  0  -2.5820633629
56  browser  1  -2.3159703455  0  -2.6028735310  0  -2.5905074620  0  -2.5820633629
57  browsers  0  -2.6681528636  0  -2.6028735310  1  -2.2383249439  0  -2.5820633629
58  bsp  1  -2.3159703455  0  -2.6028735310  0  -2.5905074620  0  -2.5820633629
59  cad  0  -2.6681528636  1  -2.2506910129  0  -2.5905074620  0  -2.5820633629
60  call  1  -2.3159703455  0  -2.6028735310  0  -2.5905074620  0  -2.5820633629
61  can  2  -2.1240848192  0  -2.6028735310  0  -2.5905074620  0  -2.5820633629
62  cap  1  -2.3159703455  0  -2.6028735310  0  -2.5905074620  0  -2.5820633629
63  capture  1  -2.3159703455  0  -2.6028735310  0  -2.5905074620  0  -2.5820633629
64  car  1  -2.3159703455  0  -2.6028735310  0  -2.5905074620  0  -2.5820633629
65  card  0  -2.6681528636  0  -2.6028735310  1  -2.2383249439  0  -2.5820633629
66  case  1  -2.3159703455  0  -2.6028735310  0  -2.5905074620  0  -2.5820633629
67  chain  1  -2.3159703455  0  -2.6028735310  0  -2.5905074620  0  -2.5820633629
68  change  0  -2.6681528636  0  -2.6028735310  0  -2.5905074620  0  -2.5820633629
69  chatroom  1  -2.3159703455  0  -2.6028735310  0  -2.5905074620  0  -2.5820633629
70  china  2  -2.1240848192  0  -2.6028735310  0  -2.5905074620  0  -2.5820633629
71  chrome  0  -2.6681528636  0  -2.6028735310  1  -2.2383249439  0  -2.5820633629
72  cities  1  -2.3159703455  0  -2.6028735310  0  -2.5905074620  0  -2.5820633629
73  cixl  1  -2.3159703455  0  -2.6028735310  0  -2.5905074620  0  -2.5820633629
74  class  1  -2.3159703455  0  -2.6028735310  0  -2.5905074620  0  -2.5820633629
75  clipper  0  -2.6681528636  0  -2.6028735310  1  -2.2383249439  0  -2.5820633629
76  clue  1  -2.3159703455  0  -2.6028735310  0  -2.5905074620  0  -2.5820633629
77  clutch  1  -2.3159703455  0  -2.6028735310  0  -2.5905074620  0  -2.5820633629
78  cod  0  -2.6681528636  0  -2.6028735310  0  -2.5905074620  0  -2.5820633629
79  coin  1  -2.3159703455  0  -2.6028735310  0  -2.5905074620  0  -2.5820633629
80  coinbase  1  -2.3159703455  0  -2.6028735310  0  -2.5905074620  0  -2.5820633629
81  collages  0  -2.6681528636  0  -2.6028735310  0  -2.5905074620  0  -2.5820633629
82  come  1  -2.3159703455  0  -2.6028735310  0  -2.5905074620  0  -2.5820633629
83  comeback  1  -2.3159703455  0  -2.6028735310  0  -2.5905074620  0  -2.5820633629
84  complete  1  -2.3159703455  0  -2.6028735310  0  -2.5905074620  0  -2.5820633629
85  compute  1  -2.3159703455  0  -2.6028735310  0  -2.5905074620  0  -2.5820633629
86  computer  1  -2.3159703455  1  -2.2506910129  0  -2.5905074620  0  -2.5820633629
87  consult  0  -2.6681528636  1  -2.2506910129  0  -2.5905074620  0  -2.5820633629
88  control  0  -2.6681528636  1  -2.2506910129  0  -2.5905074620  0  -2.5820633629
89  cook  0  -2.6681528636  0  -2.6028735310  0  -2.5905074620  0  -2.5820633629
90  could  2  -2.1240848192  0  -2.6028735310  0  -2.5905074620  0  -2.5820633629
91  create  0  -2.6681528636  0  -2.6028735310  0  -2.5905074620  0  -2.5820633629
92  crypto  0  -2.6681528636  0  -2.6028735310  1  -2.2383249439  0  -2.5820633629
93  csv  0  -2.6681528636  0  -2.6028735310  1  -2.2383249439  0  -2.5820633629
94  culture  1  -2.3159703455  0  -2.6028735310  0  -2.5905074620  0  -2.5820633629
95  custom  1  -2.3159703455  0  -2.6028735310  0  -2.5905074620  0  -2.5820633629
96  dapp  1  -2.3159703455  0  -2.6028735310  0  -2.5905074620  0  -2.5820633629
97  death  1  -2.3159703455  0  -2.6028735310  0  -2.5905074620  0  -2.5820633629
98  decently  1  -2.3159703455  0  -2.6028735310  0  -2.5905074620  0  -2.5820633629
99  degree  0  -2.6681528636  1  -2.2506910129  0  -2.5905074620  0  -2.5820633629
100  demo  1  -2.3159703455  1  -2.2506910129  0  -2.5905074620  0  -2.5820633629
101  deploy  0  -2.6681528636  1  -2.2506910129  0  -2.5905074620  0  -2.5820633629
102  depth  1  -2.3159703455  0  -2.6028735310  0  -2.5905074620  0  -2.5820633629
103  devices  1  -2.3159703455  0  -2.6028735310  0  -2.5905074620  0  -2.5820633629
104  discord  1  -2.3159703455  0  -2.6028735310  0  -2.5905074620  0  -2.5820633629
105  dna  1  -2.3159703455  0  -2.6028735310  0  -2.5905074620  0  -2.5820633629
106  domain  0  -2.6681528636  1  -2.2506910129  0  -2.5905074620  0  -2.5820633629
107  don  1  -2.3159703455  0  -2.6028735310  0  -2.5905074620  0  -2.5820633629
108  down  1  -2.3159703455  0  -2.6028735310  0  -2.5905074620  0  -2.5820633629
109  dream  1  -2.3159703455  0  -2.6028735310  0  -2.5905074620  0  -2.5820633629
110  due  0  -2.6681528636  1  -2.2506910129  0  -2.5905074620  0  -2.5820633629
111  egg  1  -2.3159703455  0  -2.6028735310  0  -2.5905074620  0  -2.5820633629
112  elon  1  -2.3159703455  0  -2.6028735310  0  -2.5905074620  0  -2.5820633629
113  embody  1  -2.3159703455  0  -2.6028735310  0  -2.5905074620  0  -2.5820633629
114  employer  0  -2.6681528636  0  -2.6028735310  0  -2.5905074620  0  -2.5820633629
115  end  1  -2.3159703455  0  -2.6028735310  0  -2.5905074620  0  -2.5820633629
116  enjoy  1  -2.3159703455  0  -2.6028735310  0  -2.5905074620  0  -2.5820633629
117  entities  1  -2.3159703455  0  -2.6028735310  0  -2.5905074620  0  -2.5820633629
118  ethereum  1  -2.3159703455  0  -2.6028735310  0  -2.5905074620  0  -2.5820633629
119  etn  0  -2.6681528636  0  -2.6028735310  1  -2.2383249439  0  -2.5820633629
120  event  0  -2.6681528636  1  -2.2506910129  0  -2.5905074620  0  -2.5820633629
121  events  0  -2.6681528636  0  -2.6028735310  1  -2.2383249439  0  -2.5820633629
122  expect  1  -2.3159703455  0  -2.6028735310  0  -2.5905074620  0  -2.5820633629
123  express  2  -2.1240848192  0  -2.6028735310  0  -2.5905074620  0  -2.5820633629
124  fair  1  -2.3159703455  0  -2.6028735310  0  -2.5905074620  0  -2.5820633629
125  fallacy  1  -2.3159703455  0  -2.6028735310  0  -2.5905074620  0  -2.5820633629
126  far  1  -2.3159703455  0  -2.6028735310  0  -2.5905074620  0  -2.5820633629
127  faster  1  -2.3159703455  0  -2.6028735310  0  -2.5905074620  0  -2.5820633629
128  feature  0  -2.6681528636  1  -2.2506910129  0  -2.5905074620  0  -2.5820633629
129  feet  1  -2.3159703455  0  -2.6028735310  0  -2.5905074620  0  -2.5820633629
130  field  1  -2.3159703455  0  -2.6028735310  0  -2.5905074620  0  -2.5820633629
131  fight  1  -2.3159703455  0  -2.6028735310  0  -2.5905074620  0  -2.5820633629
132  file  0  -2.6681528636  1  -2.2506910129  0  -2.5905074620  0  -2.5820633629
133  find  1  -2.3159703455  0  -2.6028735310  0  -2.5905074620  0  -2.5820633629
134  five  1  -2.3159703455  0  -2.6028735310  0  -2.5905074620  0  -2.5820633629
135  flywheel  1  -2.3159703455  0  -2.6028735310  0  -2.5905074620  0  -2.5820633629
136  for  5  -1.8078148570  3  -1.9261799214  2  -2.0464394177  0  -2.5820633629
137  fossil  1  -2.3159703455  0  -2.6028735310  0  -2.5905074620  0  -2.5820633629
138  friendly  0  -2.6681528636  0  -2.6028735310  0  -2.5905074620  0  -2.5820633629
139  from  2  -2.1240848192  0  -2.6028735310  0  -2.5905074620  0  -2.5820633629
140  fry  1  -2.3159703455  0  -2.6028735310  0  -2.5905074620  0  -2.5820633629
141  function  0  -2.6681528636  0  -2.6028735310  0  -2.5905074620  0  -2.5820633629
142  garbage  0  -2.6681528636  0  -2.6028735310  0  -2.5905074620  0  -2.5820633629
143  genetic  1  -2.3159703455  0  -2.6028735310  0  -2.5905074620  0  -2.5820633629
144  give  1  -2.3159703455  0  -2.6028735310  0  -2.5905074620  0  -2.5820633629
145  glass  1  -2.3159703455  0  -2.6028735310  0  -2.5905074620  0  -2.5820633629
146  global  1  -2.3159703455  0  -2.6028735310  0  -2.5905074620  0  -2.5820633629
147  google  2  -2.1240848192  0  -2.6028735310  0  -2.5905074620  0  -2.5820633629
148  hacker  1  -2.3159703455  0  -2.6028735310  0  -2.5905074620  0  -2.5820633629
149  happen  1  -2.3159703455  0  -2.6028735310  0  -2.5905074620  0  -2.5820633629
150  happy  1  -2.3159703455  0  -2.6028735310  0  -2.5905074620  0  -2.5820633629
151  harp  1  -2.3159703455  0  -2.6028735310  0  -2.5905074620  0  -2.5820633629
152  haul  1  -2.3159703455  0  -2.6028735310  0  -2.5905074620  0  -2.5820633629
153  have  1  -2.3159703455  0  -2.6028735310  0  -2.5905074620  0  -2.5820633629
154  here  0  -2.6681528636  0  -2.6028735310  0  -2.5905074620  0  -2.5820633629
155  high  1  -2.3159703455  0  -2.6028735310  0  -2.5905074620  0  -2.5820633629
156  him  1  -2.3159703455  0  -2.6028735310  0  -2.5905074620  0  -2.5820633629
157  how  6  -1.7387339379  1  -2.2506910129  1  -2.2383249439  0  -2.5820633629
158  human  1  -2.3159703455  0  -2.6028735310  0  -2.5905074620  0  -2.5820633629
159  hundreds  1  -2.3159703455  0  -2.6028735310  0  -2.5905074620  0  -2.5820633629
160  image  1  -2.3159703455  0  -2.6028735310  0  -2.5905074620  0  -2.5820633629
161  improve  0  -2.6681528636  1  -2.2506910129  0  -2.5905074620  0  -2.5820633629
162  interest  1  -2.3159703455  0  -2.6028735310  0  -2.5905074620  0  -2.5820633629
163  ioccc  0  -2.6681528636  0  -2.6028735310  0  -2.5905074620  0  -2.5820633629
164  iota  1  -2.3159703455  1  -2.2506910129  0  -2.5905074620  0  -2.5820633629
165  iran  1  -2.3159703455  0  -2.6028735310  0  -2.5905074620  0  -2.5820633629
166  isp  1  -2.3159703455  0  -2.6028735310  0  -2.5905074620  0  -2.5820633629
167  its  1  -2.3159703455  0  -2.6028735310  0  -2.5905074620  0  -2.5820633629
168  ivory  1  -2.3159703455  0  -2.6028735310  0  -2.5905074620  0  -2.5820633629
169  job  1  -2.3159703455  0  -2.6028735310  0  -2.5905074620  0  -2.5820633629
170  join  0  -2.6681528636  0  -2.6028735310  0  -2.5905074620  0  -2.5820633629
171  jong-un  1  -2.3159703455  0  -2.6028735310  0  -2.5905074620  0  -2.5820633629
172  judge  1  -2.3159703455  0  -2.6028735310  0  -2.5905074620  0  -2.5820633629
173  jumbo  1  -2.3159703455  0  -2.6028735310  0  -2.5905074620  0  -2.5820633629
174  kernel  1  -2.3159703455  0  -2.6028735310  0  -2.5905074620  0  -2.5820633629
175  kim  1  -2.3159703455  0  -2.6028735310  0  -2.5905074620  0  -2.5820633629
176  korea  1  -2.3159703455  0  -2.6028735310  0  -2.5905074620  0  -2.5820633629
177  land  1  -2.3159703455  0  -2.6028735310  0  -2.5905074620  0  -2.5820633629
178  language  2  -2.1240848192  0  -2.6028735310  0  -2.5905074620  0  -2.5820633629
179  last  0  -2.6681528636  1  -2.2506910129  0  -2.5905074620  0  -2.5820633629
180  lead  1  -2.3159703455  0  -2.6028735310  0  -2.5905074620  0  -2.5820633629
181  learn  2  -2.1240848192  1  -2.2506910129  1  -2.2383249439  0  -2.5820633629
182  legal  1  -2.3159703455  0  -2.6028735310  0  -2.5905074620  0  -2.5820633629
183  let  1  -2.3159703455  0  -2.6028735310  0  -2.5905074620  0  -2.5820633629
184  level  1  -2.3159703455  0  -2.6028735310  0  -2.5905074620  0  -2.5820633629
185  library  1  -2.3159703455  0  -2.6028735310  0  -2.5905074620  0  -2.5820633629
186  like  0  -2.6681528636  0  -2.6028735310  0  -2.5905074620  0  -2.5820633629
187  limit  0  -2.6681528636  0  -2.6028735310  0  -2.5905074620  0  -2.5820633629
188  linus  1  -2.3159703455  0  -2.6028735310  0  -2.5905074620  0  -2.5820633629
189  linux  2  -2.1240848192  0  -2.6028735310  0  -2.5905074620  0  -2.5820633629
190  list  1  -2.3159703455  0  -2.6028735310  0  -2.5905074620  0  -2.5820633629
191  listen  1  -2.3159703455  1  -2.2506910129  0  -2.5905074620  0  -2.5820633629
192  live  0  -2.6681528636  0  -2.6028735310  0  -2.5905074620  0  -2.5820633629
193  local  0  -2.6681528636  0  -2.6028735310  0  -2.5905074620  0  -2.5820633629
194  logic  1  -2.3159703455  0  -2.6028735310  0  -2.5905074620  0  -2.5820633629
195  logical  1  -2.3159703455  0  -2.6028735310  0  -2.5905074620  0  -2.5820633629
196  machine  2  -2.1240848192  0  -2.6028735310  0  -2.5905074620  0  -2.5820633629
197  main  0  -2.6681528636  0  -2.6028735310  0  -2.5905074620  0  -2.5820633629
198  make  2  -2.1240848192  0  -2.6028735310  0  -2.5905074620  0  -2.5820633629
199  market  0  -2.6681528636  1  -2.2506910129  0  -2.5905074620  0  -2.5820633629
200  media  1  -2.3159703455  0  -2.6028735310  0  -2.5905074620  0  -2.5820633629
201  meet  1  -2.3159703455  0  -2.6028735310  0  -2.5905074620  0  -2.5820633629
202  meetups  0  -2.6681528636  0  -2.6028735310  0  -2.5905074620  0  -2.5820633629
203  merge  1  -2.3159703455  0  -2.6028735310  0  -2.5905074620  0  -2.5820633629
204  metric  1  -2.3159703455  0  -2.6028735310  0  -2.5905074620  0  -2.5820633629
205  miner  0  -2.6681528636  0  -2.6028735310  1  -2.2383249439  0  -2.5820633629
206  minimal  1  -2.3159703455  0  -2.6028735310  0  -2.5905074620  0  -2.5820633629
207  mobile  1  -2.3159703455  0  -2.6028735310  0  -2.5905074620  0  -2.5820633629
208  months  0  -2.6681528636  0  -2.6028735310  0  -2.5905074620  0  -2.5820633629
209  moon  1  -2.3159703455  0  -2.6028735310  0  -2.5905074620  0  -2.5820633629
210  most  1  -2.3159703455  0  -2.6028735310  0  -2.5905074620  0  -2.5820633629
211  mouse  0  -2.6681528636  0  -2.6028735310  1  -2.2383249439  0  -2.5820633629
212  move  1  -2.3159703455  0  -2.6028735310  0  -2.5905074620  0  -2.5820633629
213  myself  0  -2.6681528636  0  -2.6028735310  0  -2.5905074620  0  -2.5820633629
214  name  0  -2.6681528636  2  -2.0588054867  0  -2.5905074620  0  -2.5820633629
215  national  2  -2.1240848192  0  -2.6028735310  0  -2.5905074620  0  -2.5820633629
216  network  2  -2.1240848192  0  -2.6028735310  0  -2.5905074620  0  -2.5820633629
217  new  5  -1.8078148570  2  -2.0588054867  0  -2.5905074620  0  -2.5820633629
218  news  2  -2.1240848192  0  -2.6028735310  0  -2.5905074620  0  -2.5820633629
219  noah  1  -2.3159703455  0  -2.6028735310  0  -2.5905074620  0  -2.5820633629
220  north  1  -2.3159703455  0  -2.6028735310  0  -2.5905074620  0  -2.5820633629
221  not  2  -2.1240848192  1  -2.2506910129  0  -2.5905074620  0  -2.5820633629
222  now  2  -2.1240848192  0  -2.6028735310  0  -2.5905074620  0  -2.5820633629
223  nuclear  1  -2.3159703455  0  -2.6028735310  0  -2.5905074620  0  -2.5820633629
224  obtain  1  -2.3159703455  0  -2.6028735310  0  -2.5905074620  0  -2.5820633629
225  oil  1  -2.3159703455  0  -2.6028735310  0  -2.5905074620  0  -2.5820633629
226  older  0  -2.6681528636  0  -2.6028735310  0  -2.5905074620  0  -2.5820633629
227  one  1  -2.3159703455  0  -2.6028735310  0  -2.5905074620  0  -2.5820633629
228  online  1  -2.3159703455  0  -2.6028735310  0  -2.5905074620  0  -2.5820633629
229  only  1  -2.3159703455  0  -2.6028735310  0  -2.5905074620  0  -2.5820633629
230  open  0  -2.6681528636  0  -2.6028735310  1  -2.2383249439  0  -2.5820633629
231  others  0  -2.6681528636  0  -2.6028735310  0  -2.5905074620  0  -2.5820633629
232  our  1  -2.3159703455  0  -2.6028735310  0  -2.5905074620  0  -2.5820633629
233  out  1  -2.3159703455  0  -2.6028735310  0  -2.5905074620  0  -2.5820633629
234  own  1  -2.3159703455  0  -2.6028735310  0  -2.5905074620  0  -2.5820633629
235  page  2  -2.1240848192  0  -2.6028735310  0  -2.5905074620  0  -2.5820633629
236  paper  1  -2.3159703455  0  -2.6028735310  0  -2.5905074620  0  -2.5820633629
237  part  1  -2.3159703455  0  -2.6028735310  0  -2.5905074620  0  -2.5820633629
238  patch  2  -2.1240848192  0  -2.6028735310  0  -2.5905074620  0  -2.5820633629
239  pattern  1  -2.3159703455  0  -2.6028735310  0  -2.5905074620  0  -2.5820633629
240  pdf  2  -2.1240848192  0  -2.6028735310  1  -2.2383249439  0  -2.5820633629
241  pearl  1  -2.3159703455  0  -2.6028735310  0  -2.5905074620  0  -2.5820633629
242  pen  1  -2.3159703455  0  -2.6028735310  0  -2.5905074620  0  -2.5820633629
243  people  1  -2.3159703455  0  -2.6028735310  0  -2.5905074620  0  -2.5820633629
244  perform  0  -2.6681528636  1  -2.2506910129  0  -2.5905074620  0  -2.5820633629
245  phone  0  -2.6681528636  0  -2.6028735310  0  -2.5905074620  0  -2.5820633629
246  photo  1  -2.3159703455  0  -2.6028735310  0  -2.5905074620  0  -2.5820633629
247  picasso  1  -2.3159703455  0  -2.6028735310  0  -2.5905074620  0  -2.5820633629
248  plan  0  -2.6681528636  1  -2.2506910129  0  -2.5905074620  0  -2.5820633629
249  plirus  1  -2.3159703455  0  -2.6028735310  0  -2.5905074620  0  -2.5820633629
250  podcast  0  -2.6681528636  1  -2.2506910129  0  -2.5905074620  0  -2.5820633629
251  police  1  -2.3159703455  0  -2.6028735310  0  -2.5905074620  0  -2.5820633629
252  possible  1  -2.3159703455  0  -2.6028735310  0  -2.5905074620  0  -2.5820633629
253  problem  2  -2.1240848192  0  -2.6028735310  0  -2.5905074620  0  -2.5820633629
254  program  0  -2.6681528636  0  -2.6028735310  0  -2.5905074620  0  -2.5820633629
255  project  0  -2.6681528636  0  -2.6028735310  1  -2.2383249439  0  -2.5820633629
256  protest  1  -2.3159703455  0  -2.6028735310  0  -2.5905074620  0  -2.5820633629
257  provider  0  -2.6681528636  1  -2.2506910129  0  -2.5905074620  0  -2.5820633629
258  pulse  1  -2.3159703455  0  -2.6028735310  0  -2.5905074620  0  -2.5820633629
259  put  1  -2.3159703455  0  -2.6028735310  0  -2.5905074620  0  -2.5820633629
260  python  1  -2.3159703455  0  -2.6028735310  0  -2.5905074620  0  -2.5820633629
261  quality  2  -2.1240848192  0  -2.6028735310  0  -2.5905074620  0  -2.5820633629
262  quantum  1  -2.3159703455  0  -2.6028735310  0  -2.5905074620  0  -2.5820633629
263  quiet  1  -2.3159703455  0  -2.6028735310  0  -2.5905074620  0  -2.5820633629
264  radio  1  -2.3159703455  0  -2.6028735310  0  -2.5905074620  0  -2.5820633629
265  rarest  1  -2.3159703455  0  -2.6028735310  0  -2.5905074620  0  -2.5820633629
266  read  0  -2.6681528636  1  -2.2506910129  0  -2.5905074620  0  -2.5820633629
267  reason  1  -2.3159703455  0  -2.6028735310  0  -2.5905074620  0  -2.5820633629
268  redox  1  -2.3159703455  0  -2.6028735310  0  -2.5905074620  0  -2.5820633629
269  regret  1  -2.3159703455  0  -2.6028735310  0  -2.5905074620  0  -2.5820633629
270  remember  0  -2.6681528636  1  -2.2506910129  0  -2.5905074620  0  -2.5820633629
271  remotely  1  -2.3159703455  0  -2.6028735310  0  -2.5905074620  0  -2.5820633629
272  remove  1  -2.3159703455  0  -2.6028735310  0  -2.5905074620  0  -2.5820633629
273  require  0  -2.6681528636  1  -2.2506910129  0  -2.5905074620  0  -2.5820633629
274  research  1  -2.3159703455  0  -2.6028735310  0  -2.5905074620  0  -2.5820633629
275  reserve  1  -2.3159703455  0  -2.6028735310  0  -2.5905074620  0  -2.5820633629
276  retreat  1  -2.3159703455  0  -2.6028735310  0  -2.5905074620  0  -2.5820633629
277  rhythm  1  -2.3159703455  0  -2.6028735310  0  -2.5905074620  0  -2.5820633629
278  richer  0  -2.6681528636  0  -2.6028735310  0  -2.5905074620  0  -2.5820633629
279  room  0  -2.6681528636  1  -2.2506910129  0  -2.5905074620  0  -2.5820633629
280  router  1  -2.3159703455  0  -2.6028735310  0  -2.5905074620  0  -2.5820633629
281  ruby  1  -2.3159703455  0  -2.6028735310  0  -2.5905074620  0  -2.5820633629
282  sabotage  1  -2.3159703455  0  -2.6028735310  0  -2.5905074620  0  -2.5820633629
283  samsung  0  -2.6681528636  0  -2.6028735310  0  -2.5905074620  0  -2.5820633629
284  san  1  -2.3159703455  0  -2.6028735310  0  -2.5905074620  0  -2.5820633629
285  sane  1  -2.3159703455  0  -2.6028735310  0  -2.5905074620  0  -2.5820633629
286  say  0  -2.6681528636  0  -2.6028735310  0  -2.5905074620  0  -2.5820633629
287  scale  1  -2.3159703455  0  -2.6028735310  0  -2.5905074620  0  -2.5820633629
288  science  1  -2.3159703455  1  -2.2506910129  0  -2.5905074620  0  -2.5820633629
289  script  1  -2.3159703455  0  -2.6028735310  0  -2.5905074620  0  -2.5820633629
290  sec  1  -2.3159703455  0  -2.6028735310  0  -2.5905074620  0  -2.5820633629
291  shop  1  -2.3159703455  0  -2.6028735310  0  -2.5905074620  0  -2.5820633629
292  should  0  -2.6681528636  1  -2.2506910129  0  -2.5905074620  0  -2.5820633629
293  show  0  -2.6681528636  0  -2.6028735310  6  -1.6610885363  0  -2.5820633629
294  shut  1  -2.3159703455  0  -2.6028735310  0  -2.5905074620  0  -2.5820633629
295  side  1  -2.3159703455  0  -2.6028735310  0  -2.5905074620  0  -2.5820633629
296  simple  1  -2.3159703455  0  -2.6028735310  1  -2.2383249439  0  -2.5820633629
297  site  1  -2.3159703455  0  -2.6028735310  0  -2.5905074620  0  -2.5820633629
298  slow  0  -2.6681528636  0  -2.6028735310  0  -2.5905074620  0  -2.5820633629
299  social  1  -2.3159703455  0  -2.6028735310  0  -2.5905074620  0  -2.5820633629
300  software  0  -2.6681528636  1  -2.2506910129  0  -2.5905074620  0  -2.5820633629
301  solve  1  -2.3159703455  0  -2.6028735310  0  -2.5905074620  0  -2.5820633629
302  sooner  1  -2.3159703455  0  -2.6028735310  0  -2.5905074620  0  -2.5820633629
303  source  0  -2.6681528636  0  -2.6028735310  1  -2.2383249439  0  -2.5820633629
304  space  1  -2.3159703455  0  -2.6028735310  0  -2.5905074620  0  -2.5820633629
305  spacebut  1  -2.3159703455  0  -2.6028735310  0  -2.5905074620  0  -2.5820633629
306  span  0  -2.6681528636  0  -2.6028735310  0  -2.5905074620  0  -2.5820633629
307  sparse  1  -2.3159703455  0  -2.6028735310  0  -2.5905074620  0  -2.5820633629
308  specific  1  -2.3159703455  0  -2.6028735310  0  -2.5905074620  0  -2.5820633629
309  speech  1  -2.3159703455  0  -2.6028735310  0  -2.5905074620  0  -2.5820633629
310  spend  0  -2.6681528636  0  -2.6028735310  0  -2.5905074620  0  -2.5820633629
311  spot  1  -2.3159703455  0  -2.6028735310  0  -2.5905074620  0  -2.5820633629
312  spread  1  -2.3159703455  0  -2.6028735310  0  -2.5905074620  0  -2.5820633629
313  start  1  -2.3159703455  0  -2.6028735310  0  -2.5905074620  0  -2.5820633629
314  state  1  -2.3159703455  0  -2.6028735310  0  -2.5905074620  0  -2.5820633629
315  stop  2  -2.1240848192  0  -2.6028735310  0  -2.5905074620  0  -2.5820633629
316  store  1  -2.3159703455  0  -2.6028735310  0  -2.5905074620  0  -2.5820633629
317  strain  1  -2.3159703455  0  -2.6028735310  0  -2.5905074620  0  -2.5820633629
318  succeed  0  -2.6681528636  1  -2.2506910129  0  -2.5905074620  0  -2.5820633629
319  sugar  1  -2.3159703455  0  -2.6028735310  0  -2.5905074620  0  -2.5820633629
320  supply  1  -2.3159703455  0  -2.6028735310  0  -2.5905074620  0  -2.5820633629
321  table  2  -2.1240848192  0  -2.6028735310  0  -2.5905074620  0  -2.5820633629
322  task  1  -2.3159703455  0  -2.6028735310  0  -2.5905074620  0  -2.5820633629
323  teach  1  -2.3159703455  0  -2.6028735310  0  -2.5905074620  0  -2.5820633629
324  tell  1  -2.3159703455  0  -2.6028735310  0  -2.5905074620  0  -2.5820633629
325  terminal  1  -2.3159703455  0  -2.6028735310  0  -2.5905074620  0  -2.5820633629
326  test  2  -2.1240848192  0  -2.6028735310  0  -2.5905074620  0  -2.5820633629
327  than  1  -2.3159703455  0  -2.6028735310  0  -2.5905074620  0  -2.5820633629
328  that  1  -2.3159703455  1  -2.2506910129  0  -2.5905074620  0  -2.5820633629
329  the  17  -1.3208228483  1  -2.2506910129  1  -2.2383249439  0  -2.5820633629
330  their  0  -2.6681528636  0  -2.6028735310  0  -2.5905074620  0  -2.5820633629
331  therapy  1  -2.3159703455  0  -2.6028735310  0  -2.5905074620  0  -2.5820633629
332  there  0  -2.6681528636  1  -2.2506910129  0  -2.5905074620  0  -2.5820633629
333  they  0  -2.6681528636  0  -2.6028735310  0  -2.5905074620  0  -2.5820633629
334  thin  1  -2.3159703455  0  -2.6028735310  0  -2.5905074620  0  -2.5820633629
335  think  1  -2.3159703455  0  -2.6028735310  0  -2.5905074620  0  -2.5820633629
336  this  1  -2.3159703455  0  -2.6028735310  0  -2.5905074620  0  -2.5820633629
337  threats  1  -2.3159703455  0  -2.6028735310  0  -2.5905074620  0  -2.5820633629
338  ticker  0  -2.6681528636  0  -2.6028735310  1  -2.2383249439  0  -2.5820633629
339  time  2  -2.1240848192  0  -2.6028735310  0  -2.5905074620  0  -2.5820633629
340  tiny  1  -2.3159703455  0  -2.6028735310  0  -2.5905074620  0  -2.5820633629
341  tool  1  -2.3159703455  0  -2.6028735310  0  -2.5905074620  0  -2.5820633629
342  top  1  -2.3159703455  0  -2.6028735310  0  -2.5905074620  0  -2.5820633629
343  toshi  1  -2.3159703455  0  -2.6028735310  0  -2.5905074620  0  -2.5820633629
344  trade  1  -2.3159703455  0  -2.6028735310  0  -2.5905074620  0  -2.5820633629
345  trend  0  -2.6681528636  1  -2.2506910129  0  -2.5905074620  0  -2.5820633629
346  trolley  1  -2.3159703455  0  -2.6028735310  0  -2.5905074620  0  -2.5820633629
347  twitter  1  -2.3159703455  0  -2.6028735310  0  -2.5905074620  0  -2.5820633629
348  type  2  -2.1240848192  0  -2.6028735310  0  -2.5905074620  0  -2.5820633629
349  u.s.  1  -2.3159703455  0  -2.6028735310  0  -2.5905074620  0  -2.5820633629
350  ugliest  0  -2.6681528636  1  -2.2506910129  0  -2.5905074620  0  -2.5820633629
351  under  1  -2.3159703455  0  -2.6028735310  0  -2.5905074620  0  -2.5820633629
352  unite  1  -2.3159703455  0  -2.6028735310  0  -2.5905074620  0  -2.5820633629
353  urban  1  -2.3159703455  0  -2.6028735310  0  -2.5905074620  0  -2.5820633629
354  use  2  -2.1240848192  0  -2.6028735310  0  -2.5905074620  0  -2.5820633629
355  users  1  -2.3159703455  0  -2.6028735310  0  -2.5905074620  0  -2.5820633629
356  variable  1  -2.3159703455  0  -2.6028735310  0  -2.5905074620  0  -2.5820633629
357  version  0  -2.6681528636  1  -2.2506910129  0  -2.5905074620  0  -2.5820633629
358  video  1  -2.3159703455  0  -2.6028735310  0  -2.5905074620  0  -2.5820633629
359  volcanic  1  -2.3159703455  0  -2.6028735310  0  -2.5905074620  0  -2.5820633629
360  vote  1  -2.3159703455  0  -2.6028735310  0  -2.5905074620  0  -2.5820633629
361  want  1  -2.3159703455  1  -2.2506910129  0  -2.5905074620  0  -2.5820633629
362  way  1  -2.3159703455  0  -2.6028735310  0  -2.5905074620  0  -2.5820633629
363  web  0  -2.6681528636  1  -2.2506910129  1  -2.2383249439  0  -2.5820633629
364  week  1  -2.3159703455  0  -2.6028735310  0  -2.5905074620  0  -2.5820633629
365  weird  1  -2.3159703455  0  -2.6028735310  0  -2.5905074620  0  -2.5820633629
366  what  3  -1.9914592539  6  -1.6734546053  0  -2.5905074620  0  -2.5820633629
367  when  1  -2.3159703455  0  -2.6028735310  0  -2.5905074620  0  -2.5820633629
368  whenever  1  -2.3159703455  0  -2.6028735310  0  -2.5905074620  0  -2.5820633629
369  why  1  -2.3159703455  0  -2.6028735310  0  -2.5905074620  0  -2.5820633629
370  will  1  -2.3159703455  0  -2.6028735310  0  -2.5905074620  0  -2.5820633629
371  winter  1  -2.3159703455  0  -2.6028735310  0  -2.5905074620  0  -2.5820633629
372  with  6  -1.7387339379  0  -2.6028735310  0  -2.5905074620  0  -2.5820633629
373  without  1  -2.3159703455  0  -2.6028735310  0  -2.5905074620  0  -2.5820633629
374  work  2  -2.1240848192  1  -2.2506910129  1  -2.2383249439  0  -2.5820633629
375  would  0  -2.6681528636  1  -2.2506910129  0  -2.5905074620  0  -2.5820633629
376  write  2  -2.1240848192  0  -2.6028735310  0  -2.5905074620  0  -2.5820633629
377  xmr  0  -2.6681528636  0  -2.6028735310  1  -2.2383249439  0  -2.5820633629
378  year  3  -1.9914592539  2  -2.0588054867  0  -2.5905074620  0  -2.5820633629
379  years  1  -2.3159703455  0  -2.6028735310  0  -2.5905074620  0  -2.5820633629
380  you  3  -1.9914592539  6  -1.6734546053  0  -2.5905074620  0  -2.5820633629
381  your  2  -2.1240848192  2  -2.0588054867  0  -2.5905074620  0  -2.5820633629
382  zone  1  -2.3159703455  0  -2.6028735310  0  -2.5905074620  0  -2.5820633629
