1  &  0  -2.7619278384  1  -2.1986570870  0  -2.6589648427  0  -2.6473829701
2  '  1  -2.2848065837  0  -2.6757783417  0  -2.6589648427  0  -2.6473829701
3  'kenyan  1  -2.2848065837  0  -2.6757783417  0  -2.6589648427  0  -2.6473829701
4  're  1  -2.2848065837  0  -2.6757783417  0  -2.6589648427  0  -2.6473829701
5  (  9  -1.4831742375  0  -2.6757783417  0  -2.6589648427  0  -2.6473829701
6  )  9  -1.4831742375  0  -2.6757783417  0  -2.6589648427  0  -2.6473829701
7  1996  1  -2.2848065837  0  -2.6757783417  0  -2.6589648427  0  -2.6473829701
8  2  1  -2.2848065837  0  -2.6757783417  0  -2.6589648427  0  -2.6473829701
9  2002  1  -2.2848065837  0  -2.6757783417  0  -2.6589648427  0  -2.6473829701
10  2010  1  -2.2848065837  0  -2.6757783417  0  -2.6589648427  0  -2.6473829701
11  2011  1  -2.2848065837  0  -2.6757783417  0  -2.6589648427  0  -2.6473829701
12  2013  2  -2.0629578341  0  -2.6757783417  0  -2.6589648427  0  -2.6473829701
13  2014  1  -2.2848065837  0  -2.6757783417  0  -2.6589648427  0  -2.6473829701
14  2016  1  -2.2848065837  0  -2.6757783417  0  -2.6589648427  0  -2.6473829701
15  2017  3  -1.9168297984  2  -1.9768083373  0  -2.6589648427  0  -2.6473829701
16  2018  0  -2.7619278384  3  -1.8306803017  0  -2.6589648427  0  -2.6473829701
17  25th  0  -2.7619278384  0  -2.6757783417  0  -2.6589648427  0  -2.6473829701
18  2min  1  -2.2848065837  0  -2.6757783417  0  -2.6589648427  0  -2.6473829701
19  3  1  -2.2848065837  0  -2.6757783417  0  -2.6589648427  0  -2.6473829701
20  34  1  -2.2848065837  0  -2.6757783417  0  -2.6589648427  0  -2.6473829701
21  37000  1  -2.2848065837  0  -2.6757783417  0  -2.6589648427  0  -2.6473829701
22  3d  0  -2.7619278384  1  -2.1986570870  0  -2.6589648427  0  -2.6473829701
23  3x3  1  -2.2848065837  0  -2.6757783417  0  -2.6589648427  0  -2.6473829701
24  4.15  1  -2.2848065837  0  -2.6757783417  0  -2.6589648427  0  -2.6473829701
25  50m  1  -2.2848065837  0  -2.6757783417  0  -2.6589648427  0  -2.6473829701
26  7  1  -2.2848065837  0  -2.6757783417  0  -2.6589648427  0  -2.6473829701
27  ?  6  -1.6479844861  14  -1.2133803438  0  -2.6589648427  0  -2.6473829701
28  [  3  -1.9168297984  0  -2.6757783417  0  -2.6589648427  0  -2.6473829701
29  ]  3  -1.9168297984  0  -2.6757783417  0  -2.6589648427  0  -2.6473829701
30  acme  0  -2.7619278384  0  -2.6757783417  1  -2.1818435879  0  -2.6473829701
31  air  2  -2.0629578341  0  -2.6757783417  0  -2.6589648427  0  -2.6473829701
32  airborne  1  -2.2848065837  0  -2.6757783417  0  -2.6589648427  0  -2.6473829701
33  airport  1  -2.2848065837  0  -2.6757783417  0  -2.6589648427  0  -2.6473829701
34  altco  0  -2.7619278384  0  -2.6757783417  1  -2.1818435879  0  -2.6473829701
35  amazon  1  -2.2848065837  0  -2.6757783417  0  -2.6589648427  0  -2.6473829701
36  andromeda  1  -2.2848065837  0  -2.6757783417  0  -2.6589648427  0  -2.6473829701
37  apple  1  -2.2848065837  0  -2.6757783417  0  -2.6589648427  0  -2.6473829701
38  application  2  -2.0629578341  0  -2.6757783417  0  -2.6589648427  0  -2.6473829701
39  apply  0  -2.7619278384  0  -2.6757783417  0  -2.6589648427  0  -2.6473829701
40  apps  1  -2.2848065837  1  -2.1986570870  0  -2.6589648427  0  -2.6473829701
41  arrive  1  -2.2848065837  0  -2.6757783417  0  -2.6589648427  0  -2.6473829701
42  arsenal  1  -2.2848065837  0  -2.6757783417  0  -2.6589648427  0  -2.6473829701
43  ash  1  -2.2848065837  0  -2.6757783417  0  -2.6589648427  0  -2.6473829701
44  ask  0  -2.7619278384  15  -1.1844166478  0  -2.6589648427  0  -2.6473829701
45  attack  1  -2.2848065837  0  -2.6757783417  0  -2.6589648427  0  -2.6473829701
46  attend/organize  0  -2.7619278384  0  -2.6757783417  0  -2.6589648427  0  -2.6473829701
47  attention  0  -2.7619278384  0  -2.6757783417  0  -2.6589648427  0  -2.6473829701
48  authorize  1  -2.2848065837  0  -2.6757783417  0  -2.6589648427  0  -2.6473829701
49  bake  1  -2.2848065837  0  -2.6757783417  0  -2.6589648427  0  -2.6473829701
50  basic  1  -2.2848065837  0  -2.6757783417  0  -2.6589648427  0  -2.6473829701
51  batteries  0  -2.7619278384  0  -2.6757783417  0  -2.6589648427  0  -2.6473829701
52  bcn  0  -2.7619278384  0  -2.6757783417  1  -2.1818435879  0  -2.6473829701
53  beat  1  -2.2848065837  0  -2.6757783417  0  -2.6589648427  0  -2.6473829701
54  begin  1  -2.2848065837  0  -2.6757783417  0  -2.6589648427  0  -2.6473829701
55  beijing  1  -2.2848065837  0  -2.6757783417  0  -2.6589648427  0  -2.6473829701
56  believe  0  -2.7619278384  0  -2.6757783417  0  -2.6589648427  0  -2.6473829701
57  berlin  0  -2.7619278384  0  -2.6757783417  0  -2.6589648427  0  -2.6473829701
58  best  1  -2.2848065837  0  -2.6757783417  0  -2.6589648427  0  -2.6473829701
59  bitcoin–the  1  -2.2848065837  0  -2.6757783417  0  -2.6589648427  0  -2.6473829701
60  block  1  -2.2848065837  0  -2.6757783417  0  -2.6589648427  0  -2.6473829701
61  blockchain  1  -2.2848065837  0  -2.6757783417  0  -2.6589648427  0  -2.6473829701
62  blog  1  -2.2848065837  0  -2.6757783417  1  -2.1818435879  0  -2.6473829701
63  blood  1  -2.2848065837  0  -2.6757783417  0  -2.6589648427  0  -2.6473829701
64  board  1  -2.2848065837  0  -2.6757783417  0  -2.6589648427  0  -2.6473829701
65  body  1  -2.2848065837  0  -2.6757783417  0  -2.6589648427  0  -2.6473829701
66  book  1  -2.2848065837  1  -2.1986570870  0  -2.6589648427  0  -2.6473829701
67  boom  1  -2.2848065837  0  -2.6757783417  0  -2.6589648427  0  -2.6473829701
68  bootcamp  0  -2.7619278384  0  -2.6757783417  0  -2.6589648427  0  -2.6473829701
69  brain  1  -2.2848065837  0  -2.6757783417  0  -2.6589648427  0  -2.6473829701
70  brand/business  0  -2.7619278384  1  -2.1986570870  0  -2.6589648427  0  -2.6473829701
71  break  1  -2.2848065837  0  -2.6757783417  0  -2.6589648427  0  -2.6473829701
72  breakthroughs  1  -2.2848065837  0  -2.6757783417  0  -2.6589648427  0  -2.6473829701
73  browser  1  -2.2848065837  0  -2.6757783417  0  -2.6589648427  0  -2.6473829701
74  browsers  0  -2.7619278384  0  -2.6757783417  1  -2.1818435879  0  -2.6473829701
75  bsp  1  -2.2848065837  0  -2.6757783417  0  -2.6589648427  0  -2.6473829701
76  c  0  -2.7619278384  0  -2.6757783417  0  -2.6589648427  0  -2.6473829701
77  cad  0  -2.7619278384  1  -2.1986570870  0  -2.6589648427  0  -2.6473829701
78  call  1  -2.2848065837  0  -2.6757783417  0  -2.6589648427  0  -2.6473829701
79  cap  1  -2.2848065837  0  -2.6757783417  0  -2.6589648427  0  -2.6473829701
80  capture  1  -2.2848065837  0  -2.6757783417  0  -2.6589648427  0  -2.6473829701
81  car  1  -2.2848065837  0  -2.6757783417  0  -2.6589648427  0  -2.6473829701
82  card  0  -2.7619278384  0  -2.6757783417  1  -2.1818435879  0  -2.6473829701
83  case  1  -2.2848065837  0  -2.6757783417  0  -2.6589648427  0  -2.6473829701
84  celebrate  1  -2.2848065837  0  -2.6757783417  0  -2.6589648427  0  -2.6473829701
85  chain  1  -2.2848065837  0  -2.6757783417  0  -2.6589648427  0  -2.6473829701
86  change  0  -2.7619278384  0  -2.6757783417  0  -2.6589648427  0  -2.6473829701
87  chatroom  1  -2.2848065837  0  -2.6757783417  0  -2.6589648427  0  -2.6473829701
88  china  2  -2.0629578341  0  -2.6757783417  0  -2.6589648427  0  -2.6473829701
89  chrome  0  -2.7619278384  0  -2.6757783417  1  -2.1818435879  0  -2.6473829701
90  cities  1  -2.2848065837  0  -2.6757783417  0  -2.6589648427  0  -2.6473829701
91  cixl  1  -2.2848065837  0  -2.6757783417  0  -2.6589648427  0  -2.6473829701
92  class  1  -2.2848065837  0  -2.6757783417  0  -2.6589648427  0  -2.6473829701
93  clipper  0  -2.7619278384  0  -2.6757783417  1  -2.1818435879  0  -2.6473829701
94  clue  1  -2.2848065837  0  -2.6757783417  0  -2.6589648427  0  -2.6473829701
95  clutch  1  -2.2848065837  0  -2.6757783417  0  -2.6589648427  0  -2.6473829701
96  cod  0  -2.7619278384  0  -2.6757783417  0  -2.6589648427  0  -2.6473829701
97  coin  1  -2.2848065837  0  -2.6757783417  0  -2.6589648427  0  -2.6473829701
98  coinbase  1  -2.2848065837  0  -2.6757783417  0  -2.6589648427  0  -2.6473829701
99  collages  0  -2.7619278384  0  -2.6757783417  0  -2.6589648427  0  -2.6473829701
100  collection  0  -2.7619278384  0  -2.6757783417  0  -2.6589648427  0  -2.6473829701
101  come  1  -2.2848065837  0  -2.6757783417  0  -2.6589648427  0  -2.6473829701
102  comeback  1  -2.2848065837  0  -2.6757783417  0  -2.6589648427  0  -2.6473829701
103  communities  1  -2.2848065837  0  -2.6757783417  0  -2.6589648427  0  -2.6473829701
104  community  1  -2.2848065837  0  -2.6757783417  0  -2.6589648427  0  -2.6473829701
105  complete  1  -2.2848065837  0  -2.6757783417  0  -2.6589648427  0  -2.6473829701
106  complexity  1  -2.2848065837  0  -2.6757783417  0  -2.6589648427  0  -2.6473829701
107  compromise  1  -2.2848065837  0  -2.6757783417  0  -2.6589648427  0  -2.6473829701
108  compute  1  -2.2848065837  0  -2.6757783417  0  -2.6589648427  0  -2.6473829701
109  computer  1  -2.2848065837  1  -2.1986570870  0  -2.6589648427  0  -2.6473829701
110  consult  0  -2.7619278384  1  -2.1986570870  0  -2.6589648427  0  -2.6473829701
111  control  0  -2.7619278384  1  -2.1986570870  0  -2.6589648427  0  -2.6473829701
112  controversial  1  -2.2848065837  0  -2.6757783417  0  -2.6589648427  0  -2.6473829701
113  conversion  0  -2.7619278384  0  -2.6757783417  1  -2.1818435879  0  -2.6473829701
114  cook  0  -2.7619278384  0  -2.6757783417  0  -2.6589648427  0  -2.6473829701
115  copy-on-write  0  -2.7619278384  0  -2.6757783417  0  -2.6589648427  0  -2.6473829701
116  corporate  1  -2.2848065837  0  -2.6757783417  0  -2.6589648427  0  -2.6473829701
117  corruption  1  -2.2848065837  0  -2.6757783417  0  -2.6589648427  0  -2.6473829701
118  could  2  -2.0629578341  0  -2.6757783417  0  -2.6589648427  0  -2.6473829701
119  create  0  -2.7619278384  0  -2.6757783417  0  -2.6589648427  0  -2.6473829701
120  crypto  0  -2.7619278384  0  -2.6757783417  1  -2.1818435879  0  -2.6473829701
121  csv  0  -2.7619278384  0  -2.6757783417  1  -2.1818435879  0  -2.6473829701
122  culture  1  -2.2848065837  0  -2.6757783417  0  -2.6589648427  0  -2.6473829701
123  custom  1  -2.2848065837  0  -2.6757783417  0  -2.6589648427  0  -2.6473829701
124  dapp  1  -2.2848065837  0  -2.6757783417  0  -2.6589648427  0  -2.6473829701
125  death  1  -2.2848065837  0  -2.6757783417  0  -2.6589648427  0  -2.6473829701
126  decently  1  -2.2848065837  0  -2.6757783417  0  -2.6589648427  0  -2.6473829701
127  decentralize  1  -2.2848065837  0  -2.6757783417  0  -2.6589648427  0  -2.6473829701
128  decisions  0  -2.7619278384  0  -2.6757783417  0  -2.6589648427  0  -2.6473829701
129  degree  0  -2.7619278384  1  -2.1986570870  0  -2.6589648427  0  -2.6473829701
130  demo  1  -2.2848065837  1  -2.1986570870  0  -2.6589648427  0  -2.6473829701
131  deploy  0  -2.7619278384  1  -2.1986570870  0  -2.6589648427  0  -2.6473829701
132  depth  1  -2.2848065837  0  -2.6757783417  0  -2.6589648427  0  -2.6473829701
133  development  0  -2.7619278384  1  -2.1986570870  0  -2.6589648427  0  -2.6473829701
134  devices  1  -2.2848065837  0  -2.6757783417  0  -2.6589648427  0  -2.6473829701
135  diligence  0  -2.7619278384  1  -2.1986570870  0  -2.6589648427  0  -2.6473829701
136  discord  1  -2.2848065837  0  -2.6757783417  0  -2.6589648427  0  -2.6473829701
137  dna  1  -2.2848065837  0  -2.6757783417  0  -2.6589648427  0  -2.6473829701
138  domain  0  -2.7619278384  1  -2.1986570870  0  -2.6589648427  0  -2.6473829701
139  dream  1  -2.2848065837  0  -2.6757783417  0  -2.6589648427  0  -2.6473829701
140  due  0  -2.7619278384  1  -2.1986570870  0  -2.6589648427  0  -2.6473829701
141  egg  1  -2.2848065837  0  -2.6757783417  0  -2.6589648427  0  -2.6473829701
142  elon  1  -2.2848065837  0  -2.6757783417  0  -2.6589648427  0  -2.6473829701
143  embody  1  -2.2848065837  0  -2.6757783417  0  -2.6589648427  0  -2.6473829701
144  employer  0  -2.7619278384  0  -2.6757783417  0  -2.6589648427  0  -2.6473829701
145  encryption  1  -2.2848065837  0  -2.6757783417  0  -2.6589648427  0  -2.6473829701
146  end  1  -2.2848065837  0  -2.6757783417  0  -2.6589648427  0  -2.6473829701
147  enjoy  1  -2.2848065837  0  -2.6757783417  0  -2.6589648427  0  -2.6473829701
148  entities  1  -2.2848065837  0  -2.6757783417  0  -2.6589648427  0  -2.6473829701
149  entrepreneurial  1  -2.2848065837  0  -2.6757783417  0  -2.6589648427  0  -2.6473829701
150  ethereum  1  -2.2848065837  0  -2.6757783417  0  -2.6589648427  0  -2.6473829701
151  etn  0  -2.7619278384  0  -2.6757783417  1  -2.1818435879  0  -2.6473829701
152  event  0  -2.7619278384  1  -2.1986570870  0  -2.6589648427  0  -2.6473829701
153  events  0  -2.7619278384  0  -2.6757783417  1  -2.1818435879  0  -2.6473829701
154  expansion  1  -2.2848065837  0  -2.6757783417  0  -2.6589648427  0  -2.6473829701
155  expect  1  -2.2848065837  0  -2.6757783417  0  -2.6589648427  0  -2.6473829701
156  explorations  1  -2.2848065837  0  -2.6757783417  0  -2.6589648427  0  -2.6473829701
157  exponential  0  -2.7619278384  0  -2.6757783417  1  -2.1818435879  0  -2.6473829701
158  express  2  -2.0629578341  0  -2.6757783417  0  -2.6589648427  0  -2.6473829701
159  facebooks  0  -2.7619278384  1  -2.1986570870  0  -2.6589648427  0  -2.6473829701
160  fair  1  -2.2848065837  0  -2.6757783417  0  -2.6589648427  0  -2.6473829701
161  fallacy  1  -2.2848065837  0  -2.6757783417  0  -2.6589648427  0  -2.6473829701
162  far  1  -2.2848065837  0  -2.6757783417  0  -2.6589648427  0  -2.6473829701
163  faster  1  -2.2848065837  0  -2.6757783417  0  -2.6589648427  0  -2.6473829701
164  feature  0  -2.7619278384  1  -2.1986570870  0  -2.6589648427  0  -2.6473829701
165  feet  1  -2.2848065837  0  -2.6757783417  0  -2.6589648427  0  -2.6473829701
166  field  1  -2.2848065837  0  -2.6757783417  0  -2.6589648427  0  -2.6473829701
167  fight  1  -2.2848065837  0  -2.6757783417  0  -2.6589648427  0  -2.6473829701
168  file  0  -2.7619278384  1  -2.1986570870  0  -2.6589648427  0  -2.6473829701
169  find  1  -2.2848065837  0  -2.6757783417  0  -2.6589648427  0  -2.6473829701
170  five  1  -2.2848065837  0  -2.6757783417  0  -2.6589648427  0  -2.6473829701
171  flywheel  1  -2.2848065837  0  -2.6757783417  0  -2.6589648427  0  -2.6473829701
172  fossil  1  -2.2848065837  0  -2.6757783417  0  -2.6589648427  0  -2.6473829701
173  foundation  1  -2.2848065837  0  -2.6757783417  0  -2.6589648427  0  -2.6473829701
174  framework  1  -2.2848065837  1  -2.1986570870  0  -2.6589648427  0  -2.6473829701
175  francisco  1  -2.2848065837  0  -2.6757783417  0  -2.6589648427  0  -2.6473829701
176  friendly  0  -2.7619278384  0  -2.6757783417  0  -2.6589648427  0  -2.6473829701
177  fry  1  -2.2848065837  0  -2.6757783417  0  -2.6589648427  0  -2.6473829701
178  function  0  -2.7619278384  0  -2.6757783417  0  -2.6589648427  0  -2.6473829701
179  garbage  0  -2.7619278384  0  -2.6757783417  0  -2.6589648427  0  -2.6473829701
180  genetic  1  -2.2848065837  0  -2.6757783417  0  -2.6589648427  0  -2.6473829701
181  give  1  -2.2848065837  0  -2.6757783417  0  -2.6589648427  0  -2.6473829701
182  glass  1  -2.2848065837  0  -2.6757783417  0  -2.6589648427  0  -2.6473829701
183  global  1  -2.2848065837  0  -2.6757783417  0  -2.6589648427  0  -2.6473829701
184  go  1  -2.2848065837  0  -2.6757783417  0  -2.6589648427  0  -2.6473829701
185  google  2  -2.0629578341  0  -2.6757783417  0  -2.6589648427  0  -2.6473829701
186  governance  1  -2.2848065837  0  -2.6757783417  0  -2.6589648427  0  -2.6473829701
187  hacker  1  -2.2848065837  0  -2.6757783417  0  -2.6589648427  0  -2.6473829701
188  hackernews  0  -2.7619278384  0  -2.6757783417  0  -2.6589648427  0  -2.6473829701
189  happen  1  -2.2848065837  0  -2.6757783417  0  -2.6589648427  0  -2.6473829701
190  happy  1  -2.2848065837  0  -2.6757783417  0  -2.6589648427  0  -2.6473829701
191  harassment  1  -2.2848065837  0  -2.6757783417  0  -2.6589648427  0  -2.6473829701
192  harp  1  -2.2848065837  0  -2.6757783417  0  -2.6589648427  0  -2.6473829701
193  haul  1  -2.2848065837  0  -2.6757783417  0  -2.6589648427  0  -2.6473829701
194  high  1  -2.2848065837  0  -2.6757783417  0  -2.6589648427  0  -2.6473829701
195  hn  1  -2.2848065837  15  -1.1844166478  6  -1.5450214904  0  -2.6473829701
196  human  1  -2.2848065837  0  -2.6757783417  0  -2.6589648427  0  -2.6473829701
197  hundreds  1  -2.2848065837  0  -2.6757783417  0  -2.6589648427  0  -2.6473829701
198  image  1  -2.2848065837  0  -2.6757783417  0  -2.6589648427  0  -2.6473829701
199  important  1  -2.2848065837  0  -2.6757783417  0  -2.6589648427  0  -2.6473829701
200  improve  0  -2.7619278384  1  -2.1986570870  0  -2.6589648427  0  -2.6473829701
201  in-browser  0  -2.7619278384  0  -2.6757783417  1  -2.1818435879  0  -2.6473829701
202  insolvent  1  -2.2848065837  0  -2.6757783417  0  -2.6589648427  0  -2.6473829701
203  interactive  0  -2.7619278384  1  -2.1986570870  0  -2.6589648427  0  -2.6473829701
204  interest  1  -2.2848065837  0  -2.6757783417  0  -2.6589648427  0  -2.6473829701
205  introduction  1  -2.2848065837  0  -2.6757783417  0  -2.6589648427  0  -2.6473829701
206  ioccc  0  -2.7619278384  0  -2.6757783417  0  -2.6589648427  0  -2.6473829701
207  iota  1  -2.2848065837  1  -2.1986570870  0  -2.6589648427  0  -2.6473829701
208  iran  1  -2.2848065837  0  -2.6757783417  0  -2.6589648427  0  -2.6473829701
209  isolation  2  -2.0629578341  0  -2.6757783417  0  -2.6589648427  0  -2.6473829701
210  isp  1  -2.2848065837  0  -2.6757783417  0  -2.6589648427  0  -2.6473829701
211  ivory  1  -2.2848065837  0  -2.6757783417  0  -2.6589648427  0  -2.6473829701
212  javascript  0  -2.7619278384  1  -2.1986570870  1  -2.1818435879  0  -2.6473829701
213  job  1  -2.2848065837  0  -2.6757783417  0  -2.6589648427  0  -2.6473829701
214  join  0  -2.7619278384  0  -2.6757783417  0  -2.6589648427  0  -2.6473829701
215  jong-un  1  -2.2848065837  0  -2.6757783417  0  -2.6589648427  0  -2.6473829701
216  judge  1  -2.2848065837  0  -2.6757783417  0  -2.6589648427  0  -2.6473829701
217  jumbo  1  -2.2848065837  0  -2.6757783417  0  -2.6589648427  0  -2.6473829701
218  kernel  1  -2.2848065837  0  -2.6757783417  0  -2.6589648427  0  -2.6473829701
219  kim  1  -2.2848065837  0  -2.6757783417  0  -2.6589648427  0  -2.6473829701
220  korea  1  -2.2848065837  0  -2.6757783417  0  -2.6589648427  0  -2.6473829701
221  land  1  -2.2848065837  0  -2.6757783417  0  -2.6589648427  0  -2.6473829701
222  language  2  -2.0629578341  0  -2.6757783417  0  -2.6589648427  0  -2.6473829701
223  last  0  -2.7619278384  1  -2.1986570870  0  -2.6589648427  0  -2.6473829701
224  lead  1  -2.2848065837  0  -2.6757783417  0  -2.6589648427  0  -2.6473829701
225  learn  2  -2.0629578341  1  -2.1986570870  1  -2.1818435879  0  -2.6473829701
226  legal  1  -2.2848065837  0  -2.6757783417  0  -2.6589648427  0  -2.6473829701
227  let  1  -2.2848065837  0  -2.6757783417  0  -2.6589648427  0  -2.6473829701
228  level  1  -2.2848065837  0  -2.6757783417  0  -2.6589648427  0  -2.6473829701
229  lg  0  -2.7619278384  0  -2.6757783417  0  -2.6589648427  0  -2.6473829701
230  library  1  -2.2848065837  0  -2.6757783417  0  -2.6589648427  0  -2.6473829701
231  like  0  -2.7619278384  0  -2.6757783417  0  -2.6589648427  0  -2.6473829701
232  limit  0  -2.7619278384  0  -2.6757783417  0  -2.6589648427  0  -2.6473829701
233  linus  1  -2.2848065837  0  -2.6757783417  0  -2.6589648427  0  -2.6473829701
234  linux  2  -2.0629578341  0  -2.6757783417  0  -2.6589648427  0  -2.6473829701
235  linux/iot  1  -2.2848065837  0  -2.6757783417  0  -2.6589648427  0  -2.6473829701
236  list  1  -2.2848065837  0  -2.6757783417  0  -2.6589648427  0  -2.6473829701
237  listen  1  -2.2848065837  1  -2.1986570870  0  -2.6589648427  0  -2.6473829701
238  live  0  -2.7619278384  0  -2.6757783417  0  -2.6589648427  0  -2.6473829701
239  local  0  -2.7619278384  0  -2.6757783417  0  -2.6589648427  0  -2.6473829701
240  logic  1  -2.2848065837  0  -2.6757783417  0  -2.6589648427  0  -2.6473829701
241  logical  1  -2.2848065837  0  -2.6757783417  0  -2.6589648427  0  -2.6473829701
242  machine  2  -2.0629578341  0  -2.6757783417  0  -2.6589648427  0  -2.6473829701
243  main  0  -2.7619278384  0  -2.6757783417  0  -2.6589648427  0  -2.6473829701
244  make  2  -2.0629578341  0  -2.6757783417  0  -2.6589648427  0  -2.6473829701
245  market  0  -2.7619278384  1  -2.1986570870  0  -2.6589648427  0  -2.6473829701
246  media  1  -2.2848065837  0  -2.6757783417  0  -2.6589648427  0  -2.6473829701
247  meet  1  -2.2848065837  0  -2.6757783417  0  -2.6589648427  0  -2.6473829701
248  meetups  0  -2.7619278384  0  -2.6757783417  0  -2.6589648427  0  -2.6473829701
249  merge  1  -2.2848065837  0  -2.6757783417  0  -2.6589648427  0  -2.6473829701
250  metric  1  -2.2848065837  0  -2.6757783417  0  -2.6589648427  0  -2.6473829701
251  microservices  1  -2.2848065837  0  -2.6757783417  0  -2.6589648427  0  -2.6473829701
252  middleware  2  -2.0629578341  0  -2.6757783417  0  -2.6589648427  0  -2.6473829701
253  miner  0  -2.7619278384  0  -2.6757783417  1  -2.1818435879  0  -2.6473829701
254  minimal  1  -2.2848065837  0  -2.6757783417  0  -2.6589648427  0  -2.6473829701
255  mobile  1  -2.2848065837  0  -2.6757783417  0  -2.6589648427  0  -2.6473829701
256  months  0  -2.7619278384  0  -2.6757783417  0  -2.6589648427  0  -2.6473829701
257  moon  1  -2.2848065837  0  -2.6757783417  0  -2.6589648427  0  -2.6473829701
258  mouse  0  -2.7619278384  0  -2.6757783417  1  -2.1818435879  0  -2.6473829701
259  move  1  -2.2848065837  0  -2.6757783417  0  -2.6589648427  0  -2.6473829701
260  movingcollage  0  -2.7619278384  0  -2.6757783417  0  -2.6589648427  0  -2.6473829701
261  mysterious  1  -2.2848065837  0  -2.6757783417  0  -2.6589648427  0  -2.6473829701
262  name  0  -2.7619278384  2  -1.9768083373  0  -2.6589648427  0  -2.6473829701
263  national  2  -2.0629578341  0  -2.6757783417  0  -2.6589648427  0  -2.6473829701
264  network  2  -2.0629578341  0  -2.6757783417  0  -2.6589648427  0  -2.6473829701
265  new  5  -1.7205351533  2  -1.9768083373  0  -2.6589648427  0  -2.6473829701
266  news  2  -2.0629578341  0  -2.6757783417  0  -2.6589648427  0  -2.6473829701
267  noah  1  -2.2848065837  0  -2.6757783417  0  -2.6589648427  0  -2.6473829701
268  non-profit  0  -2.7619278384  1  -2.1986570870  0  -2.6589648427  0  -2.6473829701
269  north  1  -2.2848065837  0  -2.6757783417  0  -2.6589648427  0  -2.6473829701
270  nuclear  1  -2.2848065837  0  -2.6757783417  0  -2.6589648427  0  -2.6473829701
271  obtain  1  -2.2848065837  0  -2.6757783417  0  -2.6589648427  0  -2.6473829701
272  oh  1  -2.2848065837  0  -2.6757783417  0  -2.6589648427  0  -2.6473829701
273  oil  1  -2.2848065837  0  -2.6757783417  0  -2.6589648427  0  -2.6473829701
274  older  0  -2.7619278384  0  -2.6757783417  0  -2.6589648427  0  -2.6473829701
275  one  1  -2.2848065837  0  -2.6757783417  0  -2.6589648427  0  -2.6473829701
276  online  1  -2.2848065837  0  -2.6757783417  0  -2.6589648427  0  -2.6473829701
277  open  0  -2.7619278384  0  -2.6757783417  1  -2.1818435879  0  -2.6473829701
278  others  0  -2.7619278384  0  -2.6757783417  0  -2.6589648427  0  -2.6473829701
279  page  2  -2.0629578341  0  -2.6757783417  0  -2.6589648427  0  -2.6473829701
280  paper  1  -2.2848065837  0  -2.6757783417  0  -2.6589648427  0  -2.6473829701
281  part  1  -2.2848065837  0  -2.6757783417  0  -2.6589648427  0  -2.6473829701
282  patch  2  -2.0629578341  0  -2.6757783417  0  -2.6589648427  0  -2.6473829701
283  pattern  1  -2.2848065837  0  -2.6757783417  0  -2.6589648427  0  -2.6473829701
284  pdf  2  -2.0629578341  0  -2.6757783417  1  -2.1818435879  0  -2.6473829701
285  pearl  1  -2.2848065837  0  -2.6757783417  0  -2.6589648427  0  -2.6473829701
286  pen  1  -2.2848065837  0  -2.6757783417  0  -2.6589648427  0  -2.6473829701
287  people  1  -2.2848065837  0  -2.6757783417  0  -2.6589648427  0  -2.6473829701
288  perform  0  -2.7619278384  1  -2.1986570870  0  -2.6589648427  0  -2.6473829701
289  performance  1  -2.2848065837  0  -2.6757783417  0  -2.6589648427  0  -2.6473829701
290  philippines  1  -2.2848065837  0  -2.6757783417  0  -2.6589648427  0  -2.6473829701
291  phone  0  -2.7619278384  0  -2.6757783417  0  -2.6589648427  0  -2.6473829701
292  photo  1  -2.2848065837  0  -2.6757783417  0  -2.6589648427  0  -2.6473829701
293  picasso  1  -2.2848065837  0  -2.6757783417  0  -2.6589648427  0  -2.6473829701
294  plan  0  -2.7619278384  1  -2.1986570870  0  -2.6589648427  0  -2.6473829701
295  plirus  1  -2.2848065837  0  -2.6757783417  0  -2.6589648427  0  -2.6473829701
296  podcast  0  -2.7619278384  1  -2.1986570870  0  -2.6589648427  0  -2.6473829701
297  police  1  -2.2848065837  0  -2.6757783417  0  -2.6589648427  0  -2.6473829701
298  possible  1  -2.2848065837  0  -2.6757783417  0  -2.6589648427  0  -2.6473829701
299  probability  1  -2.2848065837  0  -2.6757783417  0  -2.6589648427  0  -2.6473829701
300  problem  2  -2.0629578341  0  -2.6757783417  0  -2.6589648427  0  -2.6473829701
301  production  1  -2.2848065837  0  -2.6757783417  0  -2.6589648427  0  -2.6473829701
302  program  0  -2.7619278384  0  -2.6757783417  0  -2.6589648427  0  -2.6473829701
303  project  0  -2.7619278384  0  -2.6757783417  1  -2.1818435879  0  -2.6473829701
304  protest  1  -2.2848065837  0  -2.6757783417  0  -2.6589648427  0  -2.6473829701
305  protester  1  -2.2848065837  0  -2.6757783417  0  -2.6589648427  0  -2.6473829701
306  provider  0  -2.7619278384  1  -2.1986570870  0  -2.6589648427  0  -2.6473829701
307  pseudoscience  1  -2.2848065837  0  -2.6757783417  0  -2.6589648427  0  -2.6473829701
308  psychology  1  -2.2848065837  0  -2.6757783417  0  -2.6589648427  0  -2.6473829701
309  psychosis  1  -2.2848065837  0  -2.6757783417  0  -2.6589648427  0  -2.6473829701
310  pterosaur  1  -2.2848065837  0  -2.6757783417  0  -2.6589648427  0  -2.6473829701
311  pulse  1  -2.2848065837  0  -2.6757783417  0  -2.6589648427  0  -2.6473829701
312  put  1  -2.2848065837  0  -2.6757783417  0  -2.6589648427  0  -2.6473829701
313  python  1  -2.2848065837  0  -2.6757783417  0  -2.6589648427  0  -2.6473829701
314  quality  2  -2.0629578341  0  -2.6757783417  0  -2.6589648427  0  -2.6473829701
315  quantum  1  -2.2848065837  0  -2.6757783417  0  -2.6589648427  0  -2.6473829701
316  quiet  1  -2.2848065837  0  -2.6757783417  0  -2.6589648427  0  -2.6473829701
317  r  1  -2.2848065837  0  -2.6757783417  0  -2.6589648427  0  -2.6473829701
318  radio  1  -2.2848065837  0  -2.6757783417  0  -2.6589648427  0  -2.6473829701
319  rarest  1  -2.2848065837  0  -2.6757783417  0  -2.6589648427  0  -2.6473829701
320  read  0  -2.7619278384  1  -2.1986570870  0  -2.6589648427  0  -2.6473829701
321  reason  1  -2.2848065837  0  -2.6757783417  0  -2.6589648427  0  -2.6473829701
322  recognition  1  -2.2848065837  0  -2.6757783417  0  -2.6589648427  0  -2.6473829701
323  recommendations  0  -2.7619278384  1  -2.1986570870  0  -2.6589648427  0  -2.6473829701
324  record-breaking  1  -2.2848065837  0  -2.6757783417  0  -2.6589648427  0  -2.6473829701
325  redox  1  -2.2848065837  0  -2.6757783417  0  -2.6589648427  0  -2.6473829701
326  registrars  0  -2.7619278384  1  -2.1986570870  0  -2.6589648427  0  -2.6473829701
327  regret  1  -2.2848065837  0  -2.6757783417  0  -2.6589648427  0  -2.6473829701
328  remember  0  -2.7619278384  1  -2.1986570870  0  -2.6589648427  0  -2.6473829701
329  remotely  1  -2.2848065837  0  -2.6757783417  0  -2.6589648427  0  -2.6473829701
330  remove  1  -2.2848065837  0  -2.6757783417  0  -2.6589648427  0  -2.6473829701
331  require  0  -2.7619278384  1  -2.1986570870  0  -2.6589648427  0  -2.6473829701
332  research  1  -2.2848065837  0  -2.6757783417  0  -2.6589648427  0  -2.6473829701
333  reserve  1  -2.2848065837  0  -2.6757783417  0  -2.6589648427  0  -2.6473829701
334  resolution  0  -2.7619278384  1  -2.1986570870  0  -2.6589648427  0  -2.6473829701
335  resolutions  0  -2.7619278384  2  -1.9768083373  0  -2.6589648427  0  -2.6473829701
336  resources  0  -2.7619278384  1  -2.1986570870  0  -2.6589648427  0  -2.6473829701
337  retreat  1  -2.2848065837  0  -2.6757783417  0  -2.6589648427  0  -2.6473829701
338  rhythm  1  -2.2848065837  0  -2.6757783417  0  -2.6589648427  0  -2.6473829701
339  richer  0  -2.7619278384  0  -2.6757783417  0  -2.6589648427  0  -2.6473829701
340  room  0  -2.7619278384  1  -2.1986570870  0  -2.6589648427  0  -2.6473829701
341  router  1  -2.2848065837  0  -2.6757783417  0  -2.6589648427  0  -2.6473829701
342  ruby  1  -2.2848065837  0  -2.6757783417  0  -2.6589648427  0  -2.6473829701
343  sabotage  1  -2.2848065837  0  -2.6757783417  0  -2.6589648427  0  -2.6473829701
344  samsung  0  -2.7619278384  0  -2.6757783417  0  -2.6589648427  0  -2.6473829701
345  san  1  -2.2848065837  0  -2.6757783417  0  -2.6589648427  0  -2.6473829701
346  sane  1  -2.2848065837  0  -2.6757783417  0  -2.6589648427  0  -2.6473829701
347  say  0  -2.7619278384  0  -2.6757783417  0  -2.6589648427  0  -2.6473829701
348  scale  1  -2.2848065837  0  -2.6757783417  0  -2.6589648427  0  -2.6473829701
349  science  1  -2.2848065837  1  -2.1986570870  0  -2.6589648427  0  -2.6473829701
350  scientific  1  -2.2848065837  0  -2.6757783417  0  -2.6589648427  0  -2.6473829701
351  script  1  -2.2848065837  0  -2.6757783417  0  -2.6589648427  0  -2.6473829701
352  sec  1  -2.2848065837  0  -2.6757783417  0  -2.6589648427  0  -2.6473829701
353  self-assembly  1  -2.2848065837  0  -2.6757783417  0  -2.6589648427  0  -2.6473829701
354  self-teleportation  1  -2.2848065837  0  -2.6757783417  0  -2.6589648427  0  -2.6473829701
355  shop  1  -2.2848065837  0  -2.6757783417  0  -2.6589648427  0  -2.6473829701
356  show  0  -2.7619278384  0  -2.6757783417  6  -1.5450214904  0  -2.6473829701
357  shut  1  -2.2848065837  0  -2.6757783417  0  -2.6589648427  0  -2.6473829701
358  side  1  -2.2848065837  0  -2.6757783417  0  -2.6589648427  0  -2.6473829701
359  simple  1  -2.2848065837  0  -2.6757783417  1  -2.1818435879  0  -2.6473829701
360  simplecoin  1  -2.2848065837  0  -2.6757783417  0  -2.6589648427  0  -2.6473829701
361  site  1  -2.2848065837  0  -2.6757783417  0  -2.6589648427  0  -2.6473829701
362  slow  0  -2.7619278384  0  -2.6757783417  0  -2.6589648427  0  -2.6473829701
363  social  1  -2.2848065837  0  -2.6757783417  0  -2.6589648427  0  -2.6473829701
364  software  0  -2.7619278384  1  -2.1986570870  0  -2.6589648427  0  -2.6473829701
365  solutions  0  -2.7619278384  1  -2.1986570870  0  -2.6589648427  0  -2.6473829701
366  solve  1  -2.2848065837  0  -2.6757783417  0  -2.6589648427  0  -2.6473829701
367  sooner  1  -2.2848065837  0  -2.6757783417  0  -2.6589648427  0  -2.6473829701
368  source  0  -2.7619278384  0  -2.6757783417  1  -2.1818435879  0  -2.6473829701
369  space  1  -2.2848065837  0  -2.6757783417  0  -2.6589648427  0  -2.6473829701
370  spacebut  1  -2.2848065837  0  -2.6757783417  0  -2.6589648427  0  -2.6473829701
371  span  0  -2.7619278384  0  -2.6757783417  0  -2.6589648427  0  -2.6473829701
372  sparse  1  -2.2848065837  0  -2.6757783417  0  -2.6589648427  0  -2.6473829701
373  specific  1  -2.2848065837  0  -2.6757783417  0  -2.6589648427  0  -2.6473829701
374  speech  1  -2.2848065837  0  -2.6757783417  0  -2.6589648427  0  -2.6473829701
375  spend  0  -2.7619278384  0  -2.6757783417  0  -2.6589648427  0  -2.6473829701
376  spot  1  -2.2848065837  0  -2.6757783417  0  -2.6589648427  0  -2.6473829701
377  spread  1  -2.2848065837  0  -2.6757783417  0  -2.6589648427  0  -2.6473829701
378  start  1  -2.2848065837  0  -2.6757783417  0  -2.6589648427  0  -2.6473829701
379  state  1  -2.2848065837  0  -2.6757783417  0  -2.6589648427  0  -2.6473829701
380  stop  2  -2.0629578341  0  -2.6757783417  0  -2.6589648427  0  -2.6473829701
381  store  1  -2.2848065837  0  -2.6757783417  0  -2.6589648427  0  -2.6473829701
382  strain  1  -2.2848065837  0  -2.6757783417  0  -2.6589648427  0  -2.6473829701
383  succeed  0  -2.7619278384  1  -2.1986570870  0  -2.6589648427  0  -2.6473829701
384  sugar  1  -2.2848065837  0  -2.6757783417  0  -2.6589648427  0  -2.6473829701
385  supermarket  1  -2.2848065837  0  -2.6757783417  0  -2.6589648427  0  -2.6473829701
386  supply  1  -2.2848065837  0  -2.6757783417  0  -2.6589648427  0  -2.6473829701
387  table  2  -2.0629578341  0  -2.6757783417  0  -2.6589648427  0  -2.6473829701
388  task  1  -2.2848065837  0  -2.6757783417  0  -2.6589648427  0  -2.6473829701
389  teach  1  -2.2848065837  0  -2.6757783417  0  -2.6589648427  0  -2.6473829701
390  tech-related  0  -2.7619278384  1  -2.1986570870  0  -2.6589648427  0  -2.6473829701
391  technical  0  -2.7619278384  1  -2.1986570870  0  -2.6589648427  0  -2.6473829701
392  techniques  2  -2.0629578341  0  -2.6757783417  0  -2.6589648427  0  -2.6473829701
393  tell  1  -2.2848065837  0  -2.6757783417  0  -2.6589648427  0  -2.6473829701
394  terminal  1  -2.2848065837  0  -2.6757783417  0  -2.6589648427  0  -2.6473829701
395  test  2  -2.0629578341  0  -2.6757783417  0  -2.6589648427  0  -2.6473829701
396  therapy  1  -2.2848065837  0  -2.6757783417  0  -2.6589648427  0  -2.6473829701
397  thin  1  -2.2848065837  0  -2.6757783417  0  -2.6589648427  0  -2.6473829701
398  think  1  -2.2848065837  0  -2.6757783417  0  -2.6589648427  0  -2.6473829701
399  threats  1  -2.2848065837  0  -2.6757783417  0  -2.6589648427  0  -2.6473829701
400  ticker  0  -2.7619278384  0  -2.6757783417  1  -2.1818435879  0  -2.6473829701
401  time  2  -2.0629578341  0  -2.6757783417  0  -2.6589648427  0  -2.6473829701
402  tiny  1  -2.2848065837  0  -2.6757783417  0  -2.6589648427  0  -2.6473829701
403  tool  1  -2.2848065837  0  -2.6757783417  0  -2.6589648427  0  -2.6473829701
404  top  1  -2.2848065837  0  -2.6757783417  0  -2.6589648427  0  -2.6473829701
405  toshi  1  -2.2848065837  0  -2.6757783417  0  -2.6589648427  0  -2.6473829701
406  trade  1  -2.2848065837  0  -2.6757783417  0  -2.6589648427  0  -2.6473829701
407  trend  0  -2.7619278384  1  -2.1986570870  0  -2.6589648427  0  -2.6473829701
408  trolley  1  -2.2848065837  0  -2.6757783417  0  -2.6589648427  0  -2.6473829701
409  twitter  1  -2.2848065837  0  -2.6757783417  0  -2.6589648427  0  -2.6473829701
410  type  2  -2.0629578341  0  -2.6757783417  0  -2.6589648427  0  -2.6473829701
411  u.s.  1  -2.2848065837  0  -2.6757783417  0  -2.6589648427  0  -2.6473829701
412  ugliest  0  -2.7619278384  1  -2.1986570870  0  -2.6589648427  0  -2.6473829701
413  unite  1  -2.2848065837  0  -2.6757783417  0  -2.6589648427  0  -2.6473829701
414  urban  1  -2.2848065837  0  -2.6757783417  0  -2.6589648427  0  -2.6473829701
415  us  2  -2.0629578341  0  -2.6757783417  0  -2.6589648427  0  -2.6473829701
416  use  2  -2.0629578341  0  -2.6757783417  0  -2.6589648427  0  -2.6473829701
417  users  1  -2.2848065837  0  -2.6757783417  0  -2.6589648427  0  -2.6473829701
418  variable  1  -2.2848065837  0  -2.6757783417  0  -2.6589648427  0  -2.6473829701
419  version  0  -2.7619278384  1  -2.1986570870  0  -2.6589648427  0  -2.6473829701
420  victimhood  1  -2.2848065837  0  -2.6757783417  0  -2.6589648427  0  -2.6473829701
421  video  1  -2.2848065837  0  -2.6757783417  0  -2.6589648427  0  -2.6473829701
422  vim-netranger  1  -2.2848065837  0  -2.6757783417  0  -2.6589648427  0  -2.6473829701
423  volcanic  1  -2.2848065837  0  -2.6757783417  0  -2.6589648427  0  -2.6473829701
424  vote  1  -2.2848065837  0  -2.6757783417  0  -2.6589648427  0  -2.6473829701
425  want  1  -2.2848065837  1  -2.1986570870  0  -2.6589648427  0  -2.6473829701
426  wav2letter  1  -2.2848065837  0  -2.6757783417  0  -2.6589648427  0  -2.6473829701
427  way  1  -2.2848065837  0  -2.6757783417  0  -2.6589648427  0  -2.6473829701
428  web  0  -2.7619278384  1  -2.1986570870  1  -2.1818435879  0  -2.6473829701
429  week  1  -2.2848065837  0  -2.6757783417  0  -2.6589648427  0  -2.6473829701
430  weird  1  -2.2848065837  0  -2.6757783417  0  -2.6589648427  0  -2.6473829701
431  whenever  1  -2.2848065837  0  -2.6757783417  0  -2.6589648427  0  -2.6473829701
432  winter  1  -2.2848065837  0  -2.6757783417  0  -2.6589648427  0  -2.6473829701
433  without  1  -2.2848065837  0  -2.6757783417  0  -2.6589648427  0  -2.6473829701
434  work  2  -2.0629578341  1  -2.1986570870  1  -2.1818435879  0  -2.6473829701
435  would  0  -2.7619278384  1  -2.1986570870  0  -2.6589648427  0  -2.6473829701
436  write  2  -2.0629578341  0  -2.6757783417  0  -2.6589648427  0  -2.6473829701
437  xmr  0  -2.7619278384  0  -2.6757783417  1  -2.1818435879  0  -2.6473829701
438  year  3  -1.9168297984  2  -1.9768083373  0  -2.6589648427  0  -2.6473829701
439  years  1  -2.2848065837  0  -2.6757783417  0  -2.6589648427  0  -2.6473829701
440  zone  1  -2.2848065837  0  -2.6757783417  0  -2.6589648427  0  -2.6473829701
441  –  4  -1.8076853290  0  -2.6757783417  1  -2.1818435879  0  -2.6473829701
442  ’  3  -1.9168297984  0  -2.6757783417  0  -2.6589648427  0  -2.6473829701
443  “  1  -2.2848065837  0  -2.6757783417  0  -2.6589648427  0  -2.6473829701
444  ”  1  -2.2848065837  0  -2.6757783417  0  -2.6589648427  0  -2.6473829701
